index	open	high	low	close	volume	value	close_change_rate	real_volume	sma5	sma7	sma10	sma20	sma30	sma50	sma100	sma120	sma200	sma365	ema5	ema20	ema100	ema200	wma5	wma20	wma100	wma200	change_rate	RSI_U	RSI_D	RSI_AU	RSI_AD	RSI	RSI_sign	MA50	max14	min14	stochastic%K	slow_%K	slow_%D	stochastic_sign	max_RSI14	min_RSI14	STOCHRSI%K	STOCHRSI_slow_%K	STOCHRSI_slow_%D	STOCHRSI_sign	mbb	MA20_std	ubb	lbb	bb_range	bb_sign	tr0	tr1	tr2	TR	ATR	BUB	BLB	FUB	FLB	ST	ST_BUY_SELL
2022-03-29 20:00	329	329	328	329	84879.2179	27854839.81	1	 ₩27,925,263 	328.4	328.1428571	328	327.3	326.4666667	325.18	324.69	324.675	324.005	324.1068493	327.9882149	326.2170124	324.4136072	323.6962519	328.6	327.7857143	325.0681188	324.5889552	0	0	0	0.357142857	0.214285714	62.5	STAND-BY	325.18	329	326	1	1	1	BUY	80	57.14285714	0.234375	0.295138889	0.274884259	BUY가능	327.3	1.031095483	329.362191	325.237809	1.012681127	STAND-BY	1	0	1	1	0.844173904	330.1883478	326.8116522	330.1883478	326.8356254	326.8356254	BUY
2022-03-29 20:01	329	329	328	328	45955.20575	15086784.5	0.996960486	 ₩15,119,263 	328.4	328.2857143	328	327.4	326.6333333	325.3	324.71	324.7083333	324.03	324.1287671	327.9901791	326.3019166	324.449116	323.7176644	328.4666667	327.852381	325.1336634	324.6287065	-1	0	1	0.357142857	0.214285714	62.5	STAND-BY	325.3	329	326	0.666666667	0.888888889	0.962962963	STAND-BY	80	57.14285714	0.234375	0.295138889	0.295138889	BUY가능	327.4	0.994722918	329.3894458	325.4105542	1.012227298	STAND-BY	1	0	1	1	0.85530434	330.2106087	326.7893913	330.1883478	326.8356254	326.8356254	BUY
2022-03-29 20:02	328	328	328	328	51090.6698	16757739.69	1	 ₩16,757,740 	328.4	328.2857143	328.1	327.5	326.7333333	325.42	324.74	324.7416667	324.055	324.1506849	327.9918159	326.3827777	324.4842733	323.7389703	328.3333333	327.9095238	325.1988119	324.668209	0	0	0	0.285714286	0.214285714	57.14285714	STAND-BY	325.42	329	327	0.5	0.722222222	0.87037037	STAND-BY	80	57.14285714	0	0.15625	0.248842593	STAND-BY	327.5	0.945905303	329.3918106	325.6081894	1.011620166	STAND-BY	0	0	0	0	0.794211173	329.5884223	326.4115777	329.5884223	326.8356254	326.8356254	BUY
2022-03-29 20:03	328	328	327	328	75332.93456	24686352.13	1	 ₩24,709,203 	328.4	328.2857143	328.1	327.6	326.8333333	325.52	324.77	324.775	324.08	324.1726027	327.9931799	326.4597883	324.5190825	323.7601702	328.2	327.9571429	325.2633663	324.7074627	0	0	0	0.214285714	0.214285714	50	STAND-BY	325.52	329	327	0.5	0.555555556	0.722222222	STAND-BY	80	50	0	0.078125	0.17650463	STAND-BY	327.6	0.88257995	329.3651599	325.8348401	1.010834691	STAND-BY	1	0	1	1	0.808910375	329.1178207	325.8821793	329.1178207	326.8356254	326.8356254	BUY
2022-03-29 20:04	328	328	327	328	29471.49228	9661039.439	1	 ₩9,666,649 	328.2	328.2857143	328.2	327.7	326.9666667	325.62	324.8	324.8	324.105	324.1945205	327.9943166	326.5331317	324.553547	323.7812647	328.0666667	327.9952381	325.3273267	324.7464677	0	0	0	0.214285714	0.214285714	50	STAND-BY	325.62	329	327	0.5	0.5	0.592592593	STAND-BY	80	50	0	7.40E-17	0.078125	STAND-BY	327.7	0.801314709	329.3026294	326.0973706	1.009829147	STAND-BY	1	0	1	1	0.822559634	329.1451193	325.8548807	329.1178207	326.8356254	326.8356254	BUY
2022-03-29 20:05	328	328	328	328	67973.86709	22295428.41	1	 ₩22,295,428 	328	328.2857143	328.2	327.8	327.0666667	325.74	324.83	324.8333333	324.13	324.2191781	327.9952638	326.6029826	324.5876703	323.8022541	328	328.0238095	325.3906931	324.7852239	0	0	0	0.214285714	0.214285714	50	STAND-BY	325.74	329	327	0.5	0.5	0.518518519	STAND-BY	71.42857143	50	0	7.40E-17	0.026041667	STAND-BY	327.8	0.695852374	329.1917047	326.4082953	1.008527386	STAND-BY	0	0	0	0	0.763805374	329.5276107	326.4723893	329.1178207	326.8356254	326.8356254	BUY
2022-03-29 20:06	328	328	327	328	9731.574253	3191061.243	1	 ₩3,191,956 	328	328.1428571	328.2	327.85	327.1666667	325.84	324.86	324.8666667	324.155	324.2410959	327.9960532	326.6695072	324.6214557	323.8231392	328	328.0428571	325.4534653	324.8237313	0	0	0	0.214285714	0.142857143	60	STAND-BY	325.84	329	327	0.5	0.5	0.5	BUY	71.42857143	50	0.466666667	0.155555556	0.051851852	BUY가능	327.85	0.670820393	329.1916408	326.5083592	1.00821811	STAND-BY	1	0	1	1	0.780676419	329.0613528	325.9386472	329.0613528	326.8356254	326.8356254	BUY
2022-03-29 20:07	328	328	327	327	6068.293553	1987271.992	0.99695122	 ₩1,990,400 	327.8	327.8571429	328.1	327.9	327.2333333	325.92	324.87	324.8916667	324.175	324.260274	327.8300443	326.685245	324.6450057	323.838945	327.6666667	327.9619048	325.4958416	324.8520398	-1	0	1	0.142857143	0.214285714	40	STAND-BY	325.92	329	327	0	0.333333333	0.444444444	STAND-BY	66.66666667	40	0	0.155555556	0.103703704	BUY가능	327.9	0.552506251	329.0050125	326.7949875	1.006762726	STAND-BY	1	0	1	1	0.796342389	329.0926848	325.9073152	329.0613528	326.8356254	326.8356254	BUY
2022-03-29 20:08	327	328	327	328	167843.3156	55032545.25	1.003058104	 ₩54,884,764 	327.8	327.8571429	328.1	327.95	327.3333333	326	324.89	324.9166667	324.2	324.2821918	327.8583703	326.7478523	324.6782234	323.8596475	327.7333333	327.9714286	325.5578218	324.8900995	1	1	0	0.214285714	0.142857143	60	STAND-BY	326	329	327	0.5	0.333333333	0.388888889	STAND-BY	66.66666667	40	0.75	0.405555556	0.238888889	BUY가능	327.95	0.510417786	328.9708356	326.9291644	1.006244995	STAND-BY	1	1	0	1	0.810889361	329.1217787	325.8782213	329.0613528	326.8356254	326.8356254	BUY
2022-03-29 20:09	328	328	328	328	203190.3617	66646438.64	1	 ₩66,646,439 	327.8	327.8571429	328	327.95	327.4333333	326.08	324.91	324.95	324.225	324.3041096	327.8819752	326.8074784	324.7111123	323.880247	327.8	327.9761905	325.6194059	324.9279104	0	0	0	0.142857143	0.142857143	50	STAND-BY	326.08	329	327	0.5	0.333333333	0.333333333	BUY	66.66666667	40	0.375	0.375	0.312037037	BUY가능	327.95	0.510417786	328.9708356	326.9291644	1.006244995	STAND-BY	0	0	0	0	0.752968692	329.5059374	326.4940626	329.0613528	326.8356254	326.8356254	BUY
2022-03-29 20:10	328	328	328	328	31957.68752	10482121.51	1	 ₩10,482,122 	327.8	327.8571429	327.9	327.95	327.5	326.18	324.93	324.9833333	324.255	324.3260274	327.901646	326.8642652	324.7436756	323.900744	327.8666667	327.9809524	325.6805941	324.9654726	0	0	0	0.142857143	0.142857143	50	STAND-BY	326.18	329	327	0.5	0.5	0.388888889	BUY	66.66666667	40	0.375	0.5	0.426851852	BUY가능	327.95	0.510417786	328.9708356	326.9291644	1.006244995	STAND-BY	0	0	0	0	0.699185214	329.3983704	326.6016296	329.0613528	326.8356254	326.8356254	BUY
2022-03-29 20:11	328	329	328	328	98113.03724	32181988.07	1	 ₩32,181,076 	327.8	327.8571429	327.9	327.95	327.5666667	326.26	324.96	325.0166667	324.29	324.3479452	327.9180383	326.9183478	324.7759164	323.921139	327.9333333	327.9857143	325.7413861	325.0027363	0	0	0	0.142857143	0.142857143	50	STAND-BY	326.26	329	327	0.5	0.5	0.444444444	BUY	66.66666667	40	0.375	0.375	0.416666667	STAND-BY	327.95	0.510417786	328.9708356	326.9291644	1.006244995	STAND-BY	1	1	0	1	0.720671985	329.941344	327.058656	329.0613528	327.058656	327.058656	BUY
2022-03-29 20:12	328	329	327	328	76857.03873	25191432.02	1	 ₩25,209,109 	328	327.8571429	327.9	328	327.6333333	326.38	325	325.0416667	324.33	324.369863	327.9316986	326.969855	324.807838	323.9414325	328	327.9904762	325.8015842	325.0396517	0	0	0	0.142857143	0.142857143	50	STAND-BY	326.38	329	327	0.5	0.5	0.5	BUY	66.66666667	40	0.375	0.375	0.416666667	STAND-BY	328	0.458831468	328.9176629	327.0823371	1.005611204	STAND-BY	2	1	1	2	0.812052557	329.6241051	326.3758949	329.0613528	327.058656	327.058656	BUY
2022-03-29 20:13	328	328	327	328	133527.0925	43702792.86	1	 ₩43,796,886 	328	327.8571429	327.9	328	327.7	326.5	325.04	325.075	324.365	324.3890411	327.9430822	327.0189095	324.8394436	323.9616251	328	327.9904762	325.8609901	325.0761692	0	0	0	0.071428571	0.142857143	33.33333333	STAND-BY	326.5	329	327	0.5	0.5	0.5	BUY	62.5	33.33333333	0	0.25	0.333333333	STAND-BY	328	0.458831468	328.9176629	327.0823371	1.005611204	STAND-BY	1	0	1	1	0.825477375	329.1509547	325.8490453	329.0613528	327.058656	327.058656	BUY
2022-03-29 20:14	328	328	327	327	20995.70678	6881238.763	0.99695122	 ₩6,886,592 	327.8	327.8571429	327.8	328	327.7333333	326.56	325.06	325.0916667	324.395	324.4082192	327.7859018	327.0180091	324.8608352	323.9767419	327.6666667	327.8952381	325.899802	325.1023881	-1	0	1	0.071428571	0.214285714	25	STAND-BY	326.56	329	327	0	0.333333333	0.444444444	STAND-BY	62.5	25	0	0.125	0.25	STAND-BY	328	0.458831468	328.9176629	327.0823371	1.005611204	STAND-BY	1	0	1	1	0.837943276	329.1758866	325.8241134	329.0613528	327.058656	329.0613528	SELL
2022-03-29 20:15	328	329	327	327	17589.29655	5769417.809	0.99695122	 ₩5,769,289 	327.6	327.7142857	327.7	327.95	327.7666667	326.64	325.08	325.1083333	324.425	324.4273973	327.6549182	327.0171515	324.8820151	323.9917835	327.4	327.8	325.9382178	325.1283085	0	0	0	0.071428571	0.142857143	33.33333333	STAND-BY	326.64	329	327	0	0.166666667	0.333333333	STAND-BY	60	25	0.238095238	0.079365079	0.151455026	STAND-BY	327.95	0.510417786	328.9708356	326.9291644	1.006244995	STAND-BY	2	2	0	2	0.920947328	329.8418947	326.1581053	329.0613528	326.1581053	329.0613528	SELL
2022-03-29 20:16	328	328	326	327	61645.50342	20147855.53	0.99695122	 ₩20,219,725 	327.4	327.5714286	327.6	327.9	327.7666667	326.7	325.1	325.125	324.455	324.4465753	327.5457652	327.0163348	324.9029852	324.0067503	327.2	327.7095238	325.9762376	325.1539303	0	0	0	0.071428571	0.142857143	33.33333333	STAND-BY	326.7	329	326	0.333333333	0.111111111	0.203703704	STAND-BY	60	25	0.238095238	0.158730159	0.121031746	BUY가능	327.9	0.552506251	329.0050125	326.7949875	1.006762726	STAND-BY	2	1	1	2	0.998022519	328.996045	325.003955	328.996045	326.1581053	328.996045	SELL
2022-03-29 20:17	326	327	326	327	109811.4412	35890961.78	1.003067485	 ₩35,798,530 	327.2	327.4285714	327.6	327.85	327.8	326.76	325.12	325.1416667	324.485	324.4657534	327.4548043	327.0155569	324.9237477	324.0216426	327.0666667	327.6238095	326.0138614	325.1792537	0	0	0	0.071428571	0.142857143	33.33333333	STAND-BY	326.76	329	326	0.333333333	0.222222222	0.166666667	BUY	60	25	0.238095238	0.238095238	0.158730159	BUY가능	327.85	0.587142949	329.0242859	326.6757141	1.007189306	STAND-BY	1	0	1	1	0.998163768	328.4963275	324.5036725	328.4963275	326.1581053	328.4963275	SELL
2022-03-29 20:18	327	327	326	327	89356.15815	29211409.39	1	 ₩29,219,464 	327	327.2857143	327.5	327.8	327.8	326.82	325.14	325.15	324.515	324.4849315	327.3790036	327.0148161	324.9443047	324.0364607	327	327.5428571	326.0510891	325.2042786	0	0	0	0.071428571	0.142857143	33.33333333	STAND-BY	326.82	329	326	0.333333333	0.333333333	0.222222222	BUY	60	25	0.238095238	0.238095238	0.211640212	BUY가능	327.8	0.615587011	329.031174	326.568826	1.007540058	STAND-BY	1	0	1	1	0.998294927	328.4965899	324.5034101	328.4963275	326.1581053	328.4963275	SELL
2022-03-29 20:19	326	327	326	327	51877.23508	16960972.25	1.003067485	 ₩16,911,979 	327	327.1428571	327.4	327.7	327.7666667	326.86	325.16	325.1583333	324.545	324.5013699	327.3158363	327.0141106	324.9646581	324.0512052	327	327.4666667	326.0879208	325.229005	0	0	0	0.071428571	0.142857143	33.33333333	STAND-BY	326.86	329	326	0.333333333	0.333333333	0.296296296	BUY	60	25	0.238095238	0.238095238	0.238095238	BUY가능	327.7	0.571240571	328.8424811	326.5575189	1.00699712	STAND-BY	1	0	1	1	0.998416718	328.4968334	324.5031666	328.4963275	326.1581053	328.4963275	SELL
2022-03-29 20:20	327	328	327	328	126726.8706	41562140.08	1.003058104	 ₩41,439,687 	327.2	327.1428571	327.4	327.65	327.7666667	326.94	325.18	325.1833333	324.58	324.5232877	327.4298636	327.0610577	324.994711	324.0708516	327.3333333	327.4952381	326.1441584	325.2633831	1	1	0	0.142857143	0.142857143	50	STAND-BY	326.94	329	326	0.666666667	0.444444444	0.37037037	BUY	60	25	0.714285714	0.396825397	0.291005291	BUY가능	327.65	0.489360485	328.628721	326.671279	1.005992085	STAND-BY	1	1	0	1	0.99852981	329.4970596	325.5029404	328.4963275	326.1581053	328.4963275	SELL
2022-03-29 20:21	328	330	328	329	472987.2743	155573532.1	1.00304878	 ₩155,139,826 	327.6	327.4285714	327.5	327.7	327.8	327.06	325.21	325.2083333	324.615	324.5452055	327.691553	327.1533883	325.0343673	324.0953755	327.9333333	327.6238095	326.219802	325.3073632	1	1	0	0.214285714	0.071428571	75	STAND-BY	327.06	330	326	0.75	0.583333333	0.453703704	BUY	75	25	1	0.650793651	0.428571429	BUY가능	327.7	0.571240571	328.8424811	326.5575189	1.00699712	STAND-BY	2	2	0	2	1.070063395	331.1401268	326.8598732	328.4963275	326.8598732	326.8598732	BUY
2022-03-29 20:22	330	330	329	329	1662.443313	548196.6864	0.996969697	 ₩548,606 	328	327.7142857	327.6	327.75	327.8666667	327.14	325.25	325.2416667	324.655	324.5671233	327.9096275	327.2413222	325.073631	324.1197775	328.4	327.747619	326.2948515	325.350995	0	0	0	0.142857143	0.071428571	66.66666667	STAND-BY	327.14	330	326	0.75	0.722222222	0.583333333	BUY	75	25	0.833333333	0.849206349	0.632275132	BUY가능	327.75	0.638666374	329.0273327	326.4726673	1.007825052	STAND-BY	1	1	0	1	1.065058866	331.6301177	327.3698823	331.6301177	327.3698823	327.3698823	BUY
2022-03-29 20:23	329	330	329	330	31634.13073	10432902.58	1.003039514	 ₩10,407,629 	328.6	328.1428571	327.8	327.85	327.9333333	327.24	325.3	325.2833333	324.7	324.5917808	328.2580229	327.3726878	325.122407	324.1490332	329.0666667	327.9619048	326.3889109	325.4041791	1	1	0	0.214285714	0.071428571	75	STAND-BY	327.24	330	326	1	0.833333333	0.712962963	BUY	75	25	1	0.944444444	0.814814815	BUY가능	327.85	0.812727701	329.4754554	326.2245446	1.009965255	STAND-BY	1	1	0	1	1.060411805	331.6208236	327.3791764	331.6208236	327.3791764	327.3791764	BUY
2022-03-29 20:24	330	331	329	330	267950.8082	88426424.55	1	 ₩88,423,767 	329.2	328.5714286	328.1	327.95	328.0333333	327.36	325.36	325.325	324.74	324.6164384	328.5483524	327.4977979	325.1707	324.1781435	329.5333333	328.1666667	326.4819802	325.4569154	0	0	0	0.214285714	0.071428571	75	STAND-BY	327.36	331	326	0.8	0.85	0.801851852	BUY	75	25	1	0.944444444	0.912698413	BUY가능	327.95	0.944513241	329.8390265	326.0609735	1.011586952	STAND-BY	2	1	1	2	1.127525247	332.2550505	327.7449495	331.6208236	327.7449495	327.7449495	BUY
2022-03-29 20:25	331	332	330	331	206611.4106	68396091.03	1	 ₩68,388,377 	329.8	329.1428571	328.5	328.1	328.1333333	327.48	325.42	325.375	324.785	324.6438356	328.9569604	327.6645694	325.2284158	324.2120841	330.1333333	328.4571429	326.5936634	325.519204	1	1	0	0.285714286	0.071428571	80	STAND-BY	327.48	332	326	0.833333333	0.877777778	0.853703704	BUY	80	25	1	1	0.962962963	BUY가능	328.1	1.165287405	330.4305748	325.7694252	1.014308125	STAND-BY	2	2	0	2	1.189844872	333.3796897	328.6203103	331.6208236	328.6203103	328.6203103	BUY
2022-03-29 20:26	332	332	330	331	535420.8794	177614960.2	0.996987952	 ₩177,759,732 	330.2	329.7142857	328.9	328.25	328.2333333	327.6	325.49	325.425	324.83	324.6739726	329.297467	327.8233995	325.2855602	324.245856	330.5333333	328.7333333	326.7041584	325.5810448	0	0	0	0.285714286	0.071428571	80	STAND-BY	327.6	332	326	0.833333333	0.822222222	0.85	STAND-BY	80	25	1	1	0.981481481	BUY가능	328.25	1.332784975	330.9155699	325.5844301	1.016374063	STAND-BY	2	1	1	2	1.247713096	333.4954262	328.5045738	331.6208236	328.6203103	328.6203103	BUY
2022-03-29 20:27	331	331	330	331	305012.0588	100923822.3	1	 ₩100,958,991 	330.6	330.1428571	329.3	328.45	328.3333333	327.72	325.55	325.4666667	324.875	324.7013699	329.5812225	327.9746661	325.3421388	324.2794597	330.8	328.9952381	326.8132673	325.6424378	0	0	0	0.285714286	0.071428571	80	STAND-BY	327.72	332	326	0.833333333	0.833333333	0.844444444	STAND-BY	80	25	1	1	1	BUY가능	328.45	1.431782106	331.3135642	325.5864358	1.017590194	STAND-BY	1	0	1	1	1.230019303	332.9600386	328.0399614	331.6208236	328.6203103	328.6203103	BUY
2022-03-29 20:28	332	332	331	331	94747.51731	31371297.24	0.996987952	 ₩31,456,176 	330.8	330.4285714	329.7	328.6	328.4333333	327.84	325.62	325.5083333	324.92	324.7205479	329.8176854	328.1187297	325.3981572	324.3128963	330.9333333	329.2380952	326.9211881	325.7033831	0	0	0	0.285714286	0	100	SELL	327.84	332	326	0.833333333	0.833333333	0.82962963	BUY	100	33.33333333	1	1	1	BUY가능	328.6	1.535543792	331.6710876	325.5289124	1.018868294	STAND-BY	1	1	0	1	1.213589353	333.9271787	329.0728213	331.6208236	329.0728213	329.0728213	BUY
2022-03-29 20:29	332	332	330	331	116215.8513	38453493.97	0.996987952	 ₩38,583,663 	331	330.7142857	330.1	328.75	328.5	327.96	325.69	325.55	324.965	324.7369863	330.0147378	328.255933	325.453621	324.3461665	331	329.4666667	327.0277228	325.7638806	0	0	0	0.285714286	0	100	SELL	327.96	332	326	0.833333333	0.833333333	0.833333333	BUY	100	33.33333333	1	1	1	BUY가능	328.75	1.618153594	331.9863072	325.5136928	1.019884308	STAND-BY	2	1	1	2	1.269761542	333.5395231	328.4604769	331.6208236	329.0728213	329.0728213	BUY
2022-03-29 20:30	331	331	330	331	262823.7987	86912857.08	1	 ₩86,994,677 	331	330.8571429	330.4	328.9	328.5666667	328.06	325.77	325.5916667	325.005	324.7561644	330.1789482	328.3866029	325.5085357	324.3792712	331	329.6809524	327.1328713	325.8239303	0	0	0	0.285714286	0	100	SELL	328.06	332	326	0.833333333	0.833333333	0.833333333	BUY	100	33.33333333	1	1	1	BUY가능	328.9	1.682729612	332.2654592	325.5345408	1.020676511	STAND-BY	1	0	1	1	1.25049286	333.0009857	327.9990143	331.6208236	329.0728213	329.0728213	BUY
2022-03-29 20:31	331	331	330	330	56967.72089	18845413.72	0.996978852	 ₩18,856,316 	330.8	330.8571429	330.5	329	328.6333333	328.14	325.83	325.6333333	325.04	324.7726027	330.1491235	328.4634313	325.5530056	324.4072359	330.6666667	329.7857143	327.2166337	325.8736318	-1	0	1	0.285714286	0.071428571	80	STAND-BY	328.14	332	326	0.666666667	0.777777778	0.814814815	STAND-BY	100	33.33333333	0.7	0.9	0.966666667	SELL	329	1.685854461	332.3717089	325.6282911	1.020708943	STAND-BY	1	0	1	1	1.232600513	332.965201	328.034799	331.6208236	329.0728213	329.0728213	BUY
2022-03-29 20:32	330	331	330	331	20669.82104	6831444.146	1.003030303	 ₩6,821,041 	330.8	330.8571429	330.7	329.15	328.7333333	328.24	325.9	325.6916667	325.08	324.7945205	330.2909362	328.5842203	325.6069362	324.4400368	330.7333333	329.9761905	327.3190099	325.9329353	1	1	0	0.357142857	0.071428571	83.33333333	SELL	328.24	332	326	0.833333333	0.777777778	0.796296296	STAND-BY	100	33.33333333	0.75	0.816666667	0.905555556	SELL	329.15	1.725200217	332.6004004	325.6995996	1.021187625	STAND-BY	1	1	0	1	1.215986191	332.9319724	328.0680276	331.6208236	329.0728213	329.0728213	BUY
2022-03-29 20:33	330	331	330	331	62390.27041	20597673.94	1.003030303	 ₩20,588,789 	330.8	330.8571429	330.8	329.3	328.8333333	328.34	325.98	325.75	325.12	324.8136986	330.4091135	328.6992574	325.6603329	324.4726744	330.8	330.152381	327.42	325.9918408	0	0	0	0.357142857	0.071428571	83.33333333	SELL	328.34	332	327	0.8	0.766666667	0.774074074	STAND-BY	100	50	0.666666667	0.705555556	0.807407407	STAND-BY	329.3	1.75018796	332.8003759	325.7996241	1.021487906	STAND-BY	1	0	1	1	1.200558606	332.9011172	328.0988828	331.6208236	329.0728213	329.0728213	BUY
2022-03-29 20:34	331	331	330	331	30178.48013	9973677.025	1	 ₩9,989,077 	330.8	330.8571429	330.9	329.5	328.9333333	328.44	326.05	325.8	325.16	324.830137	330.5075946	328.8088166	325.7132009	324.5051497	330.8666667	330.3142857	327.5194059	326.0503483	0	0	0	0.285714286	0.071428571	80	STAND-BY	328.44	332	328	0.75	0.794444444	0.77962963	BUY	100	66.66666667	0.4	0.605555556	0.709259259	STAND-BY	329.5	1.701392618	332.9027852	326.0972148	1.02086976	STAND-BY	1	0	1	1	1.186232991	332.872466	328.127534	331.6208236	329.0728213	329.0728213	BUY
2022-03-29 20:35	330	331	330	331	86271.29831	28494979.52	1.003030303	 ₩28,469,528 	330.8	330.8571429	330.9	329.7	329.0333333	328.54	326.13	325.85	325.2	324.8465753	330.5896622	328.9131587	325.7655455	324.5374633	330.9333333	330.4571429	327.6174257	326.1084577	0	0	0	0.214285714	0.071428571	75	STAND-BY	328.54	332	329	0.666666667	0.738888889	0.766666667	STAND-BY	100	66.66666667	0.25	0.438888889	0.583333333	STAND-BY	329.7	1.625455402	332.9509108	326.4490892	1.019916801	STAND-BY	1	0	1	1	1.172930635	332.8458613	328.1541387	331.6208236	329.0728213	329.0728213	BUY
2022-03-29 20:36	331	331	330	330	123112.0362	40627897.04	0.996978852	 ₩40,750,084 	330.8	330.7142857	330.8	329.85	329.1	328.6	326.2	325.8916667	325.235	324.8630137	330.4913851	328.964913	325.8074707	324.564641	330.6666667	330.4857143	327.6940594	326.1562189	-1	0	1	0.214285714	0.142857143	60	STAND-BY	328.6	332	329	0.333333333	0.583333333	0.705555556	STAND-BY	100	60	0	0.216666667	0.42037037	STAND-BY	329.85	1.496487115	332.8429742	326.8570258	1.01831366	STAND-BY	1	0	1	1	1.160578446	332.8211569	328.1788431	331.6208236	329.0728213	329.0728213	BUY
2022-03-29 20:37	330	331	330	330	110625.5745	36507722.58	1	 ₩36,506,440 	330.6	330.5714286	330.7	330	329.2	328.68	326.27	325.9333333	325.27	324.8794521	330.4094876	329.0142029	325.8489809	324.5916834	330.4	330.5	327.7693069	326.2036318	0	0	0	0.142857143	0.142857143	50	STAND-BY	328.68	332	329	0.333333333	0.444444444	0.588888889	STAND-BY	100	50	0	0.083333333	0.246296296	STAND-BY	330	1.337712108	332.6754242	327.3245758	1.016347225	STAND-BY	1	1	0	1	1.149108557	332.7982171	328.2017829	331.6208236	329.0728213	329.0728213	BUY
2022-03-29 20:38	330	331	329	330	125769.3793	41478372.66	1	 ₩41,503,895 	330.4	330.5714286	330.6	330.15	329.2666667	328.74	326.34	325.975	325.305	324.8958904	330.3412397	329.0611456	325.8900801	324.6185912	330.2	330.5	327.8431683	326.2506965	0	0	0	0.142857143	0.142857143	50	STAND-BY	328.74	332	329	0.333333333	0.333333333	0.453703704	STAND-BY	100	50	0	7.40E-17	0.1	STAND-BY	330.15	1.136708082	332.4234162	327.8765838	1.013867512	STAND-BY	2	1	1	2	1.209886518	332.419773	327.580227	331.6208236	329.0728213	329.0728213	BUY
2022-03-29 20:39	330	331	329	330	42233.81296	13936477.61	1	 ₩13,937,158 	330.2	330.4285714	330.5	330.3	329.3333333	328.78	326.41	326.0166667	325.34	324.9123288	330.2843664	329.1058529	325.9307724	324.6453652	330.0666667	330.4857143	327.9156436	326.2974129	0	0	0	0.071428571	0.142857143	33.33333333	STAND-BY	328.78	332	329	0.333333333	0.333333333	0.37037037	STAND-BY	100	33.33333333	0	7.40E-17	0.027777778	STAND-BY	330.3	0.864504726	332.0290095	328.5709905	1.010524419	STAND-BY	2	1	1	2	1.266323195	332.5326464	327.4673536	331.6208236	329.0728213	329.0728213	BUY
2022-03-29 20:40	329	330	329	330	58487.49095	19279553.71	1.003039514	 ₩19,242,385 	330	330.2857143	330.4	330.4	329.4	328.82	326.48	326.05	325.375	324.9287671	330.236972	329.1484314	325.9710618	324.672006	330	330.4571429	327.9867327	326.3437811	0	0	0	0.071428571	0.142857143	33.33333333	STAND-BY	328.82	332	329	0.333333333	0.333333333	0.333333333	BUY	100	33.33333333	0	7.40E-17	0	BUY가능	330.4	0.680557047	331.7611141	329.0388859	1.008273272	STAND-BY	1	0	1	1	1.24730011	331.9946002	327.0053998	331.6208236	329.0728213	329.0728213	BUY
2022-03-29 20:41	330	331	329	331	97290.81268	32170810.27	1.003030303	 ₩32,105,968 	330.2	330.2857143	330.5	330.5	329.5	328.88	326.56	326.0916667	325.415	324.9479452	330.3641433	329.2366013	326.0208533	324.7034895	330.3333333	330.5142857	328.0762376	326.3997512	1	1	0	0.142857143	0.142857143	50	STAND-BY	328.88	332	329	0.666666667	0.444444444	0.37037037	BUY	100	33.33333333	0.25	0.083333333	0.027777778	BUY가능	330.5	0.606976979	331.713954	329.286046	1.007373249	STAND-BY	2	1	1	2	1.301064387	332.6021288	327.3978712	331.6208236	329.0728213	329.0728213	BUY
2022-03-29 20:42	331	331	330	330	44635.01957	14756733.82	0.996978852	 ₩14,774,191 	330.2	330.1428571	330.4	330.55	329.5666667	328.94	326.63	326.1333333	325.445	324.9616438	330.3034528	329.2729536	326.0602508	324.7298411	330.2666667	330.4666667	328.1443564	326.4453731	-1	0	1	0.142857143	0.214285714	40	STAND-BY	328.94	332	329	0.333333333	0.444444444	0.407407407	BUY	100	33.33333333	0.1	0.116666667	0.066666667	BUY가능	330.55	0.510417786	331.5708356	329.5291644	1.006195722	STAND-BY	1	0	1	1	1.279559788	333.0591196	327.9408804	331.6208236	329.0728213	329.0728213	BUY
2022-03-29 20:43	331	331	330	330	34936.66674	11536774.11	0.996978852	 ₩11,564,037 	330.2	330.1428571	330.3	330.55	329.6333333	328.98	326.7	326.175	325.475	324.9753425	330.2528773	329.3075749	326.0992582	324.7560615	330.2	330.4142857	328.2110891	326.4906965	0	0	0	0.142857143	0.214285714	40	STAND-BY	328.98	331	329	0.5	0.5	0.462962963	BUY	100	33.33333333	0.1	0.15	0.116666667	BUY가능	330.55	0.510417786	331.5708356	329.5291644	1.006195722	STAND-BY	1	1	0	1	1.259591232	333.0191825	327.9808175	331.6208236	329.0728213	329.0728213	BUY
2022-03-29 20:44	331	331	330	331	332190.2695	109920798.5	1	 ₩109,954,979 	330.4	330.2857143	330.3	330.6	329.7666667	329.06	326.78	326.2333333	325.51	324.9917808	330.3773978	329.3881666	326.1477804	324.7871268	330.4666667	330.4571429	328.2962376	326.5456716	1	1	0	0.214285714	0.214285714	50	STAND-BY	329.06	331	329	1	0.611111111	0.518518519	BUY	83.33333333	33.33333333	0.333333333	0.177777778	0.148148148	BUY가능	330.6	0.50262469	331.6052494	329.5947506	1.006099911	STAND-BY	1	1	0	1	1.241049001	332.982098	328.017902	331.6208236	329.0728213	329.0728213	BUY
2022-03-29 20:45	332	333	331	332	263103.7287	87348495.36	1	 ₩87,350,438 	330.8	330.5714286	330.4	330.65	329.9333333	329.14	326.88	326.2916667	325.555	325.0082192	330.6478315	329.5125396	326.2057231	324.8230128	331	330.5904762	328.399604	326.6102488	1	1	0	0.285714286	0.142857143	66.66666667	STAND-BY	329.14	333	329	0.75	0.75	0.62037037	BUY	83.33333333	33.33333333	0.666666667	0.366666667	0.231481481	BUY가능	330.65	0.587142949	331.8242859	329.4757141	1.007128209	STAND-BY	2	2	0	2	1.295259787	334.5905196	329.4094804	331.6208236	329.4094804	329.4094804	BUY
2022-03-29 20:46	333	333	331	332	346105.5167	114676325.1	0.996996997	 ₩115,253,137 	331	330.8571429	330.6	330.7	330.1	329.22	326.97	326.3583333	325.6	325.0246575	330.8731929	329.6309901	326.2630922	324.8587202	331.4	330.7190476	328.5009901	326.6743781	0	0	0	0.214285714	0.142857143	60	STAND-BY	329.22	333	329	0.75	0.833333333	0.731481481	BUY	83.33333333	33.33333333	0.533333333	0.511111111	0.351851852	BUY가능	330.7	0.656946685	332.0138934	329.3861066	1.007977831	STAND-BY	2	1	1	2	1.345598373	334.6911967	329.3088033	334.6911967	329.4094804	329.4094804	BUY
2022-03-29 20:47	332	333	331	331	200143.4138	66439526.86	0.996987952	 ₩66,447,613 	331.2	331	330.7	330.7	330.2333333	329.28	327.05	326.4083333	325.635	325.0383562	330.8943274	329.696181	326.3099923	324.8892747	331.4	330.747619	328.5807921	326.7281095	-1	0	1	0.214285714	0.214285714	50	STAND-BY	329.28	333	329	0.5	0.666666667	0.75	STAND-BY	80	33.33333333	0.357142857	0.519047619	0.465608466	BUY가능	330.7	0.656946685	332.0138934	329.3861066	1.007977831	STAND-BY	2	1	1	2	1.392341347	334.7846827	329.2153173	334.6911967	329.4094804	329.4094804	BUY
2022-03-29 20:48	332	332	331	331	135592.4231	44967512.67	0.996987952	 ₩45,016,684 	331.4	331	330.8	330.7	330.3666667	329.34	327.13	326.4666667	325.67	325.0520548	330.9119395	329.7582676	326.356428	324.9196772	331.3333333	330.7761905	328.6590099	326.7814925	0	0	0	0.214285714	0.214285714	50	STAND-BY	329.34	333	329	0.5	0.583333333	0.694444444	STAND-BY	75	33.33333333	0.4	0.43015873	0.486772487	STAND-BY	330.7	0.656946685	332.0138934	329.3861066	1.007977831	STAND-BY	1	1	0	1	1.364316965	334.2286339	328.7713661	334.2286339	329.4094804	329.4094804	BUY
2022-03-29 20:49	331	332	331	332	115889.0502	38465253.85	1.003021148	 ₩38,359,276 	331.6	331.2857143	331	330.75	330.5333333	329.4	327.23	326.5333333	325.71	325.0684932	331.0932829	329.8650168	326.412305	324.9549037	331.5333333	330.9	328.7554455	326.8444776	1	1	0	0.285714286	0.214285714	57.14285714	STAND-BY	329.4	333	329	0.75	0.583333333	0.611111111	STAND-BY	66.66666667	33.33333333	0.714285714	0.49047619	0.47989418	BUY가능	330.75	0.716350399	332.1827008	329.3172992	1.008701036	STAND-BY	1	1	0	1	1.338294325	334.1765886	328.8234114	334.1765886	329.4094804	329.4094804	BUY
2022-03-29 20:50	332	335	332	334	623385.5875	207846886.4	1.006024096	 ₩206,964,015 	332	331.8571429	331.4	330.9	330.7333333	329.5	327.34	326.625	325.765	325.0876712	331.5777358	330.0619208	326.4874307	324.9999055	332.3333333	331.2095238	328.889505	326.9269652	2	2	0	0.428571429	0.142857143	75	STAND-BY	329.5	335	329	0.833333333	0.694444444	0.62037037	BUY	75	33.33333333	1	0.704761905	0.541798942	BUY가능	330.9	1.020835571	332.9416711	328.8583289	1.012416722	STAND-BY	3	3	0	3	1.456987587	336.4139752	330.5860248	334.1765886	330.5860248	330.5860248	BUY
2022-03-29 20:51	333	336	333	335	399024.8763	133680777.6	1.006006006	 ₩132,875,284 	332.6	332.4285714	331.8	331.15	330.9333333	329.64	327.47	326.7166667	325.825	325.1068493	332.1481131	330.2970674	326.5717135	325.0496586	333.3333333	331.6	329.0411881	327.0188557	1	1	0	0.5	0.142857143	77.77777778	STAND-BY	329.64	336	329	0.857142857	0.813492063	0.697089947	BUY	77.77777778	33.33333333	1	0.904761905	0.7	BUY가능	331.15	1.348488433	333.8469769	328.4530231	1.016422299	STAND-BY	3	2	1	3	1.567202759	337.6344055	331.3655945	334.1765886	331.3655945	331.3655945	BUY
2022-03-29 20:52	336	337	335	336	914546.8384	307506713.4	1	 ₩307,287,738 	333.6	333	332.4	331.4	331.1666667	329.8	327.61	326.8166667	325.89	325.1315068	332.7900943	330.5686356	326.6650629	325.1041394	334.4666667	332.0619048	329.210099	327.1200995	1	1	0	0.571428571	0.142857143	80	STAND-BY	329.8	337	329	0.875	0.85515873	0.787698413	BUY	80	33.33333333	1	1	0.86984127	BUY가능	331.4	1.729009452	334.8580189	327.9419811	1.021089212	STAND-BY	2	2	0	2	1.598116848	339.1962337	332.8037663	339.1962337	332.8037663	332.8037663	BUY
2022-03-29 20:53	335	338	335	338	1006864.517	338781192.2	1.008955224	 ₩337,299,613 	335	333.8571429	333.2	331.75	331.4333333	330	327.76	326.9416667	325.965	325.1589041	333.6584119	330.9225101	326.77729	325.1682997	335.9333333	332.6904762	329.4158416	327.240597	2	2	0	0.714285714	0.142857143	83.33333333	SELL	330	338	329	1	0.910714286	0.85978836	BUY	83.33333333	33.33333333	1	1	0.968253968	BUY가능	331.75	2.268201235	336.2864025	327.2135975	1.027727469	STAND-BY	3	2	1	3	1.698251359	339.8965027	333.1034973	339.1962337	333.1034973	333.1034973	BUY
2022-03-29 20:54	338	344	338	341	3641195.681	1240004313	1.00887574	 ₩1,230,724,140 	336.8	335.2857143	334.2	332.25	331.8	330.26	327.94	327.0833333	326.055	325.1945205	334.8820099	331.4023906	326.9181089	325.2470666	337.9333333	333.5714286	329.6780198	327.390199	3	3	0	0.928571429	0.142857143	86.66666667	SELL	330.26	344	329	0.8	0.891666667	0.885846561	BUY	86.66666667	40	1	1	1	BUY가능	332.25	3.058637468	338.3672749	326.1327251	1.037514021	STAND-BY	6	6	0	6	2.005519119	345.0110382	336.9889618	339.1962337	336.9889618	336.9889618	BUY
2022-03-29 20:55	342	343	340	342	1059827.242	362027122	1	 ₩362,460,917 	338.4	336.8571429	335.2	332.8	332.1666667	330.54	328.14	327.2416667	326.15	325.2356164	336.0683416	331.9070386	327.0674346	325.3304169	339.6666667	334.5	329.9564356	327.5488557	1	1	0	0.928571429	0.142857143	86.66666667	SELL	330.54	344	330	0.857142857	0.885714286	0.896031746	STAND-BY	86.66666667	40	1	1	1	BUY가능	332.8	3.736026597	340.2720532	325.3279468	1.045935514	STAND-BY	3	2	1	3	2.076553468	345.6531069	337.3468931	345.6531069	337.3468931	337.3468931	BUY
2022-03-29 20:56	343	343	341	342	697469.7021	238259591.1	0.997084548	 ₩239,232,108 	339.8	338.2857143	336.2	333.4	332.5333333	330.82	328.33	327.4	326.245	325.2794521	337.0569513	332.3876559	327.2152817	325.4133524	340.8666667	335.3761905	330.2308911	327.7065672	0	0	0	0.928571429	0.071428571	92.85714286	SELL	330.82	344	330	0.857142857	0.838095238	0.871825397	STAND-BY	92.85714286	40	1	1	1	BUY가능	333.4	4.197743755	341.7954875	325.0045125	1.051663821	STAND-BY	2	1	1	2	2.071085363	346.1421707	337.8578293	345.6531069	337.8578293	337.8578293	BUY
2022-03-29 20:57	341	342	339	340	650899.6306	221166011.4	0.997067449	 ₩221,956,774 	340.6	339.1428571	337.1	333.9	332.8333333	331.08	328.5	327.5416667	326.33	325.3150685	337.5474594	332.7501484	327.3418631	325.4859248	340.9333333	336.0047619	330.4619802	327.8434328	-2	0	2	0.928571429	0.214285714	81.25	SELL	331.08	344	330	0.714285714	0.80952381	0.844444444	STAND-BY	92.85714286	50	0.729166667	0.909722222	0.969907407	SELL	333.9	4.363726076	342.6274522	325.1725478	1.053678899	STAND-BY	3	0	3	3	2.137436408	344.7748728	336.2251272	344.7748728	337.8578293	337.8578293	BUY
2022-03-29 20:58	340	341	337	338	914323.0213	309934348.8	0.994117647	 ₩310,869,827 	340.6	339.5714286	337.8	334.3	333.0666667	331.28	328.64	327.6666667	326.41	325.3479452	337.6228829	333.0001414	327.4473892	325.5481855	340.0666667	336.3952381	330.650099	327.9595522	-2	0	2	0.857142857	0.357142857	70.58823529	STAND-BY	331.28	344	331	0.538461538	0.703296703	0.783638584	STAND-BY	92.85714286	50	0.480392157	0.736519608	0.88208061	STAND-BY	334.3	4.35406646	343.0081329	325.5918671	1.053491096	STAND-BY	4	1	3	4	2.270476665	343.5409533	334.4590467	343.5409533	337.8578293	337.8578293	BUY
2022-03-29 20:59	338	339	337	338	519867.0268	175850607.4	1	 ₩175,715,055 	340	339.8571429	338.4	334.7	333.3	331.48	328.78	327.7916667	326.49	325.3808219	337.6857357	333.2382299	327.5518705	325.6101366	339.2	336.747619	330.8354455	328.0748756	0	0	0	0.785714286	0.357142857	68.75	STAND-BY	331.48	344	331	0.538461538	0.597069597	0.703296703	STAND-BY	92.85714286	50	0.4375	0.549019608	0.731753813	STAND-BY	334.7	4.305443311	343.3108866	326.0891134	1.052813089	STAND-BY	2	1	1	2	2.251156903	342.5023138	333.4976862	342.5023138	337.8578293	337.8578293	BUY
2022-03-29 21:00	338	348	336	348	4944391.63	1698861801	1.029585799	 ₩1,671,204,371 	341.2	341.2857143	339.8	335.6	333.8666667	331.88	329.03	328	326.615	325.4410959	339.4047798	333.9411713	327.7543272	325.7215319	341.8666667	338.0142857	331.2160396	328.2889055	10	10	0	1.5	0.357142857	80.76923077	SELL	331.88	348	331	1	0.692307692	0.664224664	BUY	92.85714286	50	0.717948718	0.545280292	0.610273169	STAND-BY	335.6	5.082477639	345.7649553	325.4350447	1.062469949	STAND-BY	12	10	2	12	2.947502839	347.8950057	336.1049943	342.5023138	337.8578293	337.8578293	BUY
2022-03-29 21:01	347	357	347	356	9218070.833	3240700924	1.025936599	 ₩3,198,670,579 	344	343.4285714	341.9	336.85	334.7333333	332.44	329.35	328.275	326.78	325.5205479	342.1706498	334.9915917	328.0339874	325.8721751	346.8	339.9571429	331.750099	328.5812935	8	8	0	2.071428571	0.285714286	87.87878788	SELL	332.44	357	331	0.961538462	0.833333333	0.707570208	BUY	92.85714286	50	0.883838384	0.679762367	0.591354089	BUY가능	336.85	6.706438383	350.2628768	323.4371232	1.082939624	BUY	10	9	1	10	3.451252636	358.9025053	345.0974947	358.9025053	345.0974947	345.0974947	BUY
2022-03-29 21:02	354	358	352	358	6104856.183	2165783986	1.011299435	 ₩2,161,119,089 	347.6	345.7142857	344.1	338.25	335.6333333	333.04	329.71	328.5666667	326.955	325.6082192	344.8088748	336.0872302	328.3306806	326.0320193	351.4666667	341.9714286	332.3174257	328.8919403	2	2	0	2.214285714	0.285714286	88.57142857	SELL	333.04	358	331	1	0.987179487	0.837606838	BUY	92.85714286	57.14285714	0.88	0.827262367	0.684101675	BUY가능	338.25	7.999177589	354.2483552	322.2516448	1.099291069	BUY	6	2	4	6	3.633306019	362.266612	347.733388	358.9025053	347.733388	347.733388	BUY
2022-03-29 21:03	357	362	356	361	9665942.382	3472459781	1.011204482	 ₩3,450,741,430 	352.2	348.4285714	346.4	339.8	336.6333333	333.7	330.1	328.8833333	327.14	325.7041096	347.5073957	337.2735526	328.6541392	326.205994	355.9333333	344.1380952	332.9370297	329.2306965	3	3	0	2.357142857	0.285714286	89.18918919	SELL	333.7	362	332	0.966666667	0.976068376	0.932193732	BUY	92.85714286	68.75	0.847847848	0.870562077	0.792528937	BUY가능	339.8	9.225821886	358.2516438	321.3483562	1.114838887	STAND-BY	6	4	2	6	3.802355589	366.6047112	351.3952888	358.9025053	351.3952888	351.3952888	BUY
2022-03-29 21:04	361	364	358	362	6959973.893	2513030898	1.002770083	 ₩2,512,550,575 	357	351.5714286	348.5	341.35	337.6666667	334.4	330.48	329.2083333	327.33	325.8027397	349.9228298	338.4510025	328.9842962	326.3840784	359.2	346.252381	333.5687129	329.5775622	1	1	0	2.285714286	0.285714286	88.88888889	SELL	334.4	364	333	0.935483871	0.967383513	0.976877125	STAND-BY	92.85714286	68.75	0.835390947	0.854412931	0.850745792	BUY가능	341.35	10.22007828	361.7901566	320.9098434	1.127388779	STAND-BY	6	3	3	6	3.95933019	368.9186604	353.0813396	368.9186604	353.0813396	353.0813396	BUY
2022-03-29 21:05	361	368	361	365	9030324.923	3296140878	1.011080332	 ₩3,259,947,297 	360.4	355.4285714	350.8	343	338.8	335.16	330.9	329.5666667	327.535	325.9123288	352.4356915	339.7152404	329.3408873	326.5762024	361.8666667	348.5047619	334.2522772	329.9523881	3	3	0	2.428571429	0.285714286	89.47368421	SELL	335.16	368	335	0.909090909	0.937080482	0.960177457	STAND-BY	92.85714286	68.75	0.859649123	0.847629306	0.857534771	SELL	343	11.24371169	365.4874234	320.5125766	1.140321629	STAND-BY	7	6	1	7	4.176520891	372.8530418	356.1469582	368.9186604	356.1469582	356.1469582	BUY
2022-03-29 21:06	366	369	362	369	7044881.882	2569766471	1.008196721	 ₩2,578,426,769 	363	359.8571429	353.5	344.85	340.1	336	331.35	329.95	327.755	326.030137	355.1964095	341.1097528	329.7335518	326.7872716	364.7333333	350.9809524	335.0067327	330.3649751	4	4	0	2.642857143	0.285714286	90.24390244	SELL	336	369	335	1	0.948191593	0.950885196	STAND-BY	92.85714286	68.75	0.891598916	0.862212995	0.854751744	BUY가능	344.85	12.33000192	369.5100038	320.1899962	1.154033568	STAND-BY	7	4	3	7	4.37819797	374.2563959	356.7436041	368.9186604	356.7436041	356.7436041	BUY
2022-03-29 21:07	369	373	367	372	10103416.39	3740691031	1.008130081	 ₩3,728,160,647 	365.8	363.2857143	356.7	346.9	341.5	336.9	331.83	330.3583333	327.99	326.1561644	357.997008	342.5807169	330.1520315	327.0122165	367.7333333	353.5666667	335.8116832	330.8052239	3	3	0	2.714285714	0.285714286	90.47619048	SELL	336.9	373	336	0.972972973	0.960687961	0.948653345	BUY	92.85714286	68.75	0.901234568	0.884160869	0.864667723	BUY가능	346.9	13.27799922	373.4559984	320.3440016	1.165796758	STAND-BY	6	4	2	6	4.494040972	378.9880819	361.0119181	378.9880819	361.0119181	361.0119181	BUY
2022-03-29 21:08	373	373	367	369	7389356.423	2730751497	0.989276139	 ₩2,756,229,946 	367.4	365.1428571	359.8	348.8	342.8	337.74	332.28	330.7416667	328.21	326.2739726	359.83084	343.838778	330.5366649	327.2211163	368.8	355.6714286	336.5477228	331.2132836	-3	0	3	2.5	0.5	83.33333333	SELL	337.74	373	336	0.891891892	0.954954955	0.954611503	BUY	92.85714286	68.75	0.604938272	0.799257252	0.848543705	SELL	348.8	13.59798747	375.9959749	321.6040251	1.169127081	STAND-BY	6	1	5	6	4.601609474	379.2032189	360.7967811	378.9880819	361.0119181	361.0119181	BUY
2022-03-29 21:09	368	379	368	377	12671099	4740034174	1.024456522	 ₩4,662,964,432 	370.4	367.8571429	363.7	351.05	344.3666667	338.74	332.8	331.2	328.475	326.4164384	362.6923666	345.4178839	330.9966979	327.4687789	372	358.3571429	337.4332673	331.6987562	8	8	0	3	0.5	85.71428571	SELL	338.74	379	336	0.953488372	0.939451079	0.951697998	STAND-BY	92.85714286	68.75	0.703703704	0.736625514	0.806681212	STAND-BY	351.05	14.37276298	379.795526	322.304474	1.178374973	STAND-BY	11	10	1	11	5.058637369	383.6172747	363.3827253	378.9880819	363.3827253	363.3827253	BUY
2022-03-29 21:10	377	388	375	385	16619292.76	6353129581	1.021220159	 ₩6,265,473,372 	374.4	371.2857143	367.4	353.6	346.2	339.88	333.41	331.7166667	328.78	326.5835616	366.4103055	347.3027465	331.531384	327.7550112	376.8666667	361.5904762	338.4669307	332.261194	8	8	0	3.571428571	0.5	87.71929825	SELL	339.88	388	336	0.942307692	0.929229319	0.941211784	STAND-BY	90.47619048	68.75	0.873107426	0.7272498	0.754377522	STAND-BY	353.6	15.65550181	384.9110036	322.2889964	1.194303895	STAND-BY	13	11	2	13	5.625877557	392.7517551	370.2482449	378.9880819	370.2482449	370.2482449	BUY
2022-03-29 21:11	384	387	380	380	10207817.99	3913673525	0.989583333	 ₩3,919,802,107 	376.6	373.8571429	369.8	355.85	347.8333333	340.9	333.98	332.2	329.055	326.7369863	368.6752546	348.8597586	332.0112713	328.0149432	378.7333333	364.1047619	339.389505	332.7708458	-5	0	5	3.571428571	0.714285714	83.33333333	SELL	340.9	388	336	0.846153846	0.913983304	0.927554567	STAND-BY	90.47619048	68.75	0.671232877	0.749348002	0.737741106	BUY가능	355.85	16.06983117	387.9896623	323.7103377	1.198570503	STAND-BY	7	2	5	7	5.72402916	394.9480583	372.0519417	394.9480583	372.0519417	372.0519417	BUY
2022-03-29 21:12	380	392	377	391	15344497.3	5922858896	1.028947368	 ₩5,830,908,974 	380.4	377.5714286	373.1	358.6	349.8666667	342.14	334.64	332.775	329.385	326.9205479	372.3960455	350.8664368	332.5953181	328.3283096	383.5333333	367.452381	340.5186139	333.3872139	11	11	0	4.357142857	0.571428571	88.4057971	SELL	342.14	392	336	0.982142857	0.923534799	0.92224914	BUY	90.47619048	68.75	0.904705182	0.816348495	0.764315432	BUY가능	358.6	17.16299569	392.9259914	324.2740086	1.211709792	STAND-BY	15	12	3	15	6.386598505	397.273197	371.726803	394.9480583	372.0519417	372.0519417	BUY
2022-03-29 21:13	390	396	387	390	16738233.71	6565694463	1	 ₩6,527,911,148 	384.6	380.5714286	376	361.2	351.8666667	343.34	335.29	333.3333333	329.71	327.0986301	375.3300379	352.7299398	333.1636813	328.6351417	386.7333333	370.4428571	341.6148515	333.9903483	-1	0	1	4.357142857	0.642857143	87.14285714	SELL	343.34	396	336	0.9	0.909432234	0.915650112	STAND-BY	90.47619048	80.76923077	0.656603774	0.744180611	0.769959036	STAND-BY	361.2	17.80478942	396.8095788	325.5904212	1.218738492	STAND-BY	9	5	4	9	6.573270041	404.6465401	378.3534599	394.9480583	378.3534599	378.3534599	BUY
2022-03-29 21:14	390	394	388	392	11373824.76	4447100520	1.005128205	 ₩4,435,791,658 	387.6	383.4285714	379	363.75	353.9	344.58	335.97	333.9083333	330.05	327.2821918	378.1083649	354.5999426	333.7462191	328.9503977	389.2	373.3761905	342.7378218	334.6101493	2	2	0	3.785714286	0.642857143	85.48387097	SELL	344.58	396	347	0.918367347	0.933503401	0.922156811	BUY	90.47619048	83.33333333	0.301075269	0.620794741	0.727107949	STAND-BY	363.75	18.40158746	400.5531749	326.9468251	1.225132481	STAND-BY	6	4	2	6	6.532322181	404.0646444	377.9353556	394.9480583	378.3534599	378.3534599	BUY
2022-03-29 21:15	393	397	382	385	14010063.73	5503164018	0.979643766	 ₩5,505,955,045 	387.6	385.7142857	381	365.9	355.6666667	345.66	336.57	334.4333333	330.35	327.4465753	379.2569708	356.0475644	334.2536823	329.2292585	388.3333333	375.4	343.7087129	335.1569154	-7	0	7	3.214285714	1.142857143	73.7704918	STAND-BY	345.66	397	352	0.733333333	0.850566893	0.897834176	STAND-BY	90.47619048	73.7704918	0	0.319226347	0.561400566	STAND-BY	365.9	18.23790154	402.3758031	329.4241969	1.221451875	STAND-BY	15	5	10	15	7.137156311	403.7743126	375.2256874	394.9480583	378.3534599	378.3534599	BUY
2022-03-29 21:16	385	389	382	388	11020668.19	4247829201	1.007792208	 ₩4,242,957,252 	389.2	387.2857143	382.9	368.2	357.5333333	346.8	337.2	334.975	330.665	327.6219178	380.7141423	357.569109	334.7858241	329.5216575	388.4666667	377.5047619	344.7271287	335.7305473	3	3	0	3.285714286	1.142857143	74.19354839	STAND-BY	346.8	397	356	0.780487805	0.810729495	0.864933263	STAND-BY	90.47619048	73.7704918	0.025324088	0.108799786	0.349606958	STAND-BY	368.2	17.9637061	404.1274122	332.2725878	1.21625264	STAND-BY	7	4	3	7	7.127359431	399.7547189	371.2452811	394.9480583	378.3534599	378.3534599	BUY
2022-03-29 21:17	388	392	385	389	7232409.045	2808565544	1.00257732	 ₩2,806,174,710 	388.8	387.8571429	384.6	370.65	359.4666667	347.96	337.84	335.525	330.985	327.8027397	382.0951186	359.0658181	335.3225981	329.817577	388.4	379.4857143	345.7528713	336.310995	1	1	0	3.142857143	1.142857143	73.33333333	STAND-BY	347.96	397	358	0.794871795	0.769564311	0.8102869	STAND-BY	90.47619048	73.33333333	0	0.008441363	0.145489165	STAND-BY	370.65	17.24216069	405.1343214	336.1656786	1.205162654	STAND-BY	7	4	3	7	7.118262329	402.7365247	374.2634753	394.9480583	378.3534599	378.3534599	BUY
2022-03-29 21:18	389	402	388	400	18195189.36	7199683989	1.028277635	 ₩7,077,928,662 	390.8	390.7142857	387.7	373.75	361.7666667	349.34	338.59	336.1583333	331.36	328.0109589	385.0792655	361.0150648	335.9629684	330.1667519	392.1333333	382.2809524	346.9837624	336.9977114	11	11	0	3.857142857	1.142857143	77.14285714	STAND-BY	349.34	402	361	0.951219512	0.842193037	0.807495614	BUY	90.47619048	73.33333333	0.222222222	0.082515437	0.066585528	BUY가능	373.75	16.62551938	407.0010388	340.4989612	1.195307725	STAND-BY	14	13	1	14	7.60981502	410.21963	379.78037	394.9480583	379.78037	379.78037	BUY
2022-03-29 21:19	399	407	397	402	20255168.08	8134362754	1.007518797	 ₩8,081,812,066 	392.8	392.2857143	390.2	376.95	364.1	350.76	339.36	336.8083333	331.75	328.2246575	387.8993879	362.9667284	336.6168004	330.5241401	395.8666667	384.9714286	348.2394059	337.700597	2	2	0	3.785714286	1.142857143	76.8115942	STAND-BY	350.76	407	362	0.888888889	0.878326732	0.830028027	BUY	90.47619048	73.33333333	0.202898551	0.141706924	0.077554575	BUY가능	376.95	15.50373469	407.9574694	345.9425306	1.179263702	STAND-BY	10	7	3	10	7.780542518	417.561085	386.438915	417.561085	386.438915	386.438915	BUY
2022-03-29 21:20	401	406	398	398	14354640.41	5767059127	0.992518703	 ₩5,756,210,802 	395.4	393.4285714	391.5	379.45	366.2333333	352.1	340.08	337.4333333	332.115	328.4273973	389.5828233	364.6349794	337.2245549	330.8598491	397.6	386.9761905	349.4005941	338.359801	-4	0	4	3.5	1.428571429	71.01449275	STAND-BY	352.1	407	367	0.775	0.8717028	0.86407419	BUY	90.47619048	71.01449275	0	0.141706924	0.121976428	BUY가능	379.45	14.59442936	408.6388587	350.2611413	1.166669124	STAND-BY	8	4	4	8	7.796218053	417.5924361	386.4075639	417.561085	386.438915	386.438915	BUY
2022-03-29 21:21	398	398	392	397	9435919.915	3734575898	0.997487437	 ₩3,755,496,126 	397.2	394.1428571	393.2	381.5	368.3	353.44	340.79	338.0416667	332.48	328.6246575	390.8190194	366.1761709	337.8163909	331.1889125	398.1333333	388.647619	350.5277228	339.0054229	-1	0	1	3.285714286	1.5	68.65671642	STAND-BY	353.44	407	367	0.75	0.80462963	0.851553054	STAND-BY	88.4057971	68.65671642	0	0.06763285	0.117015566	STAND-BY	381.5	13.99435977	409.4887195	353.5112805	1.158346967	STAND-BY	6	0	6	6	7.667916763	410.3358335	379.6641665	410.3358335	386.438915	386.438915	BUY
2022-03-29 21:22	397	402	396	399	8178494.093	3264985810	1.005037783	 ₩3,246,862,155 	399.2	396.1428571	394	383.55	370.4	354.8	341.52	338.6833333	332.855	328.830137	392.1825162	367.7392104	338.4221693	331.5262893	398.7333333	390.3142857	351.680396	339.6673134	2	2	0	3.428571429	1.285714286	72.72727273	STAND-BY	354.8	407	368	0.794871795	0.773290598	0.816541009	STAND-BY	88.4057971	68.65671642	0.206113711	0.06870457	0.092681448	STAND-BY	383.55	13.35930584	410.2686117	356.8313883	1.149754829	STAND-BY	6	5	1	6	7.548779852	414.0975597	383.9024403	410.3358335	386.438915	386.438915	BUY
2022-03-29 21:23	399	403	397	400	6736210.21	2693743133	1.002506266	 ₩2,687,747,874 	399.2	397.8571429	395	385.5	372.4666667	356.18	342.26	339.3333333	333.235	329.0383562	393.4854301	369.2754384	339.0318508	331.8669627	399	391.8809524	352.8384158	340.3354229	1	1	0	2.928571429	1.285714286	69.49152542	STAND-BY	356.18	407	375	0.78125	0.775373932	0.784431387	STAND-BY	88.4057971	68.65671642	0.042270778	0.08279483	0.073044083	BUY가능	385.5	12.72585433	410.9517087	360.0482913	1.141379416	STAND-BY	6	4	2	6	7.438152719	414.8763054	385.1236946	410.3358335	386.438915	386.438915	BUY
2022-03-29 21:24	399	400	387	388	10988237.78	4318202349	0.972431078	 ₩4,384,306,875 	396.4	397.7142857	394.6	386.8	374.0333333	357.32	342.88	339.8666667	333.55	329.2109589	392.5711918	370.1670842	339.5166839	332.1462383	395.2666667	392.1190476	353.7441584	340.8803483	-12	0	12	2.357142857	2.142857143	52.38095238	STAND-BY	357.32	407	377	0.366666667	0.647596154	0.732086895	STAND-BY	88.4057971	52.38095238	0	0.08279483	0.078098077	BUY가능	386.8	11.46436125	409.7287225	363.8712775	1.126026559	STAND-BY	13	0	13	13	7.835427525	409.1708551	377.8291449	409.1708551	386.438915	386.438915	BUY
2022-03-29 21:25	388	393	387	387	8029291.653	3133138907	0.99742268	 ₩3,115,365,162 	394.2	395.8571429	394.8	387.9	375.5333333	358.44	343.49	340.4	333.865	329.3808219	391.6426598	370.9686517	339.9868158	332.4191491	392.1333333	392.1380952	354.6178218	341.4121891	-1	0	1	2.357142857	1.857142857	55.93220339	STAND-BY	358.44	407	377	0.333333333	0.49375	0.638906695	STAND-BY	88.4057971	52.38095238	0.09857783	0.046949536	0.070846398	STAND-BY	387.9	10.25413909	408.4082782	367.3917218	1.111642571	STAND-BY	6	5	1	6	7.704325559	405.4086511	374.5913489	405.4086511	386.438915	386.438915	BUY
2022-03-29 21:26	387	390	382	384	11108760.37	4275369746	0.992248062	 ₩4,299,090,264 	391.6	393.2857143	394.4	388.65	376.9333333	359.52	344.06	340.9	334.165	329.5424658	390.3688832	371.589192	340.4225899	332.6757763	388.7333333	391.7666667	355.42	341.9110448	-3	0	3	1.571428571	2.071428571	43.1372549	STAND-BY	359.52	407	382	0.08	0.26	0.467115385	STAND-BY	87.14285714	43.1372549	0	0.032859277	0.054201214	STAND-BY	388.65	9.30350811	407.2570162	370.0429838	1.100566783	STAND-BY	8	3	5	8	7.725445162	401.4508903	370.5491097	401.4508903	386.438915	401.4508903	SELL
2022-03-29 21:27	383	385	380	382	9762509.201	3735011630	0.997389034	 ₩3,739,041,024 	388.2	391	393.7	389.15	378.3333333	360.56	344.62	341.3833333	334.455	329.6958904	388.9740693	372.0849448	340.8342474	332.9211763	385.5333333	391.1333333	356.1712871	342.3870149	-2	0	2	1.571428571	2.142857143	42.30769231	STAND-BY	360.56	407	380	0.074074074	0.162469136	0.305406379	STAND-BY	85.48387097	42.30769231	0	0.032859277	0.03755603	STAND-BY	389.15	8.604007634	406.3580153	371.9419847	1.092530642	STAND-BY	5	1	4	5	7.530770508	397.561541	367.438459	397.561541	367.438459	397.561541	SELL
2022-03-29 21:28	382	382	376	379	11313207.39	4287667086	0.992146597	 ₩4,321,645,224 	384	388.4285714	391.6	389.65	379.7	361.54	345.14	341.8416667	334.725	329.8410959	387.3117244	372.4142332	341.2121261	333.1504295	382.4666667	390.1666667	356.8520792	342.8302488	-3	0	3	1.428571429	2.357142857	37.73584906	STAND-BY	361.54	407	376	0.096774194	0.083616089	0.168695075	STAND-BY	77.14285714	37.73584906	0	0	0.021906184	STAND-BY	389.65	7.603842519	404.857685	374.442315	1.081228453	STAND-BY	6	0	6	6	7.421429757	393.8428595	364.1571405	393.8428595	367.438459	393.8428595	SELL
2022-03-29 21:29	378	380	376	377	7032922.867	2661237264	0.997354497	 ₩2,658,444,844 	381.8	385.2857143	389.1	389.65	381	362.48	345.63	342.275	334.99	329.9780822	385.5931037	372.632603	341.5664615	333.3685917	380.1333333	388.9619048	357.4829703	343.2508955	-2	0	2	1.428571429	2	41.66666667	STAND-BY	362.48	407	376	0.032258065	0.067702111	0.104595779	STAND-BY	77.14285714	37.73584906	0.099749202	0.033249734	0.022036337	BUY가능	389.65	7.603842519	404.857685	374.442315	1.081228453	STAND-BY	4	1	3	4	7.177041917	392.3540838	363.6459162	392.3540838	367.438459	392.3540838	SELL
2022-03-29 21:30	376	378	373	374	8310511.989	3119903799	0.994680851	 ₩3,124,752,508 	379.2	381.5714286	386.7	389.1	381.8666667	363.36	346.09	342.6916667	335.24	330.109589	383.6609197	372.6977171	341.8875856	333.5707427	377.5333333	387.4714286	358.0447525	343.6390547	-3	0	3	1.214285714	2.214285714	35.41666667	STAND-BY	363.36	407	373	0.029411765	0.052814674	0.068044291	STAND-BY	77.14285714	35.41666667	0	0.033249734	0.022166489	BUY가능	389.1	8.321816603	405.7436332	372.4563668	1.089372258	STAND-BY	5	1	4	5	7.021538923	389.5430778	361.4569222	389.5430778	367.438459	389.5430778	SELL
2022-03-29 21:31	374	375	372	375	8405409.076	3139296292	1.002673797	 ₩3,143,622,995 	377.4	379.7142857	384.5	388.85	382.5	364.24	346.56	343.125	335.495	330.2438356	382.2174331	372.8073497	342.2154313	333.7768632	376.1333333	386.1285714	358.6172277	344.0346766	1	1	0	1.214285714	2.214285714	35.41666667	STAND-BY	364.24	407	372	0.085714286	0.049128038	0.056548274	STAND-BY	77.14285714	35.41666667	0	0.033249734	0.033249734	BUY가능	388.85	8.677102354	406.2042047	371.4957953	1.093428808	STAND-BY	3	1	2	3	6.734286143	386.9685723	360.0314277	386.9685723	367.438459	386.9685723	SELL
2022-03-29 21:32	375	376	373	375	4264912.154	1598248695	1	 ₩1,599,342,058 	376	378	382.1	388.05	383.0666667	365.14	347.04	343.5416667	335.745	330.3780822	381.0145276	372.9117616	342.540031	333.9819582	375.3333333	384.8095238	359.180396	344.4277612	0	0	0	0.428571429	2.214285714	16.21621622	BUY	365.14	407	372	0.085714286	0.066946779	0.056296497	STAND-BY	76.8115942	16.21621622	0	0	0.022166489	STAND-BY	388.05	9.190813491	406.431627	369.668373	1.099449281	STAND-BY	3	1	2	3	6.467551418	387.4351028	361.5648972	386.9685723	367.438459	386.9685723	SELL
2022-03-29 21:33	375	377	374	376	5399146.092	2026255060	1.002666667	 ₩2,024,679,784 	375.4	376.8571429	379.7	387.35	383.5666667	366.06	347.52	343.9666667	336.005	330.5123288	380.178773	373.0588206	342.8713178	334.1910079	375.3333333	383.6619048	359.7538614	344.8283085	1	1	0	0.357142857	2.214285714	13.88888889	BUY	366.06	406	372	0.117647059	0.096358543	0.07081112	STAND-BY	72.72727273	13.88888889	0	0	0.011083245	STAND-BY	387.35	9.560197091	406.4703942	368.2296058	1.103850391	STAND-BY	3	2	1	3	6.219869174	387.9397383	363.0602617	386.9685723	367.438459	386.9685723	SELL
2022-03-29 21:34	376	376	372	373	5052718.232	1887988320	0.992021277	 ₩1,899,822,055 	374.6	375.5714286	378.2	386.4	383.9333333	366.9	347.98	344.375	336.245	330.6383562	378.9823108	373.0560196	343.1696216	334.3840919	374.5333333	382.2952381	360.2584158	345.1964179	-3	0	3	0.357142857	2.142857143	14.28571429	BUY	366.9	403	372	0.032258065	0.078539803	0.080615042	STAND-BY	72.72727273	13.88888889	0.006744329	0.00224811	0.00074937	BUY가능	386.4	10.00736571	406.4147314	366.3852686	1.10925511	STAND-BY	4	0	4	4	6.06130709	386.1226142	361.8773858	386.1226142	367.438459	386.1226142	SELL
2022-03-29 21:35	374	374	368	369	9707393.375	3591577751	0.986631016	 ₩3,630,565,122 	373.6	374.1428571	376.4	385.6	384.0666667	367.64	348.39	344.7416667	336.465	330.7534247	377.3185924	372.8628758	343.425368	334.5563143	372.6666667	380.6380952	360.6746535	345.5223383	-4	0	4	0.357142857	2.357142857	13.15789474	BUY	367.64	403	368	0.028571429	0.059492184	0.078130177	STAND-BY	72.72727273	13.15789474	0	0.00224811	0.00149874	BUY가능	385.6	10.73802883	407.0760577	364.1239423	1.117960151	STAND-BY	6	1	5	6	6.056928013	383.113856	358.886144	383.113856	367.438459	383.113856	SELL
2022-03-29 21:36	369	370	367	369	6015002.728	2214821687	1	 ₩2,219,536,007 	372.4	373	374.9	384.65	384.0666667	368.38	348.8	345.1083333	336.685	330.8684932	375.9321603	372.6789293	343.6785821	334.7276798	371.1333333	379.0571429	361.0827723	345.8460697	0	0	0	0.214285714	2.357142857	8.333333333	BUY	368.38	403	367	0.055555556	0.038795016	0.058942334	STAND-BY	69.49152542	8.333333333	0	0.00224811	0.00224811	BUY가능	384.65	11.33822134	407.3264427	361.9735573	1.125293366	STAND-BY	3	1	2	3	5.838576012	380.177152	356.822848	380.177152	367.438459	380.177152	SELL
2022-03-29 21:37	370	370	367	369	5350921.645	1969305877	0.997297297	 ₩1,979,841,009 	371.2	372.2857143	373.6	383.65	383.9666667	369.14	349.21	345.475	336.905	330.9863014	374.7768003	372.5037422	343.9292892	334.8981926	370	377.5666667	361.4827723	346.1676119	0	0	0	0.142857143	2.357142857	5.714285714	BUY	369.14	400	367	0.060606061	0.048244348	0.048843849	SELL	55.93220339	5.714285714	0	0	0.00149874	STAND-BY	383.65	11.80666627	407.2633325	360.0366675	1.13117182	STAND-BY	3	1	2	3	5.635820582	379.7716412	357.2283588	379.7716412	367.438459	379.7716412	SELL
2022-03-29 21:38	368	370	368	370	3085106.556	1137422836	1.005434783	 ₩1,135,319,213 	370	371.5714286	372.7	382.15	384	369.92	349.63	345.85	337.125	331.109589	373.9806669	372.3845164	344.1874151	335.0728324	369.6	376.2666667	361.8944554	346.4969154	1	1	0	0.214285714	1.5	12.5	BUY	369.92	393	367	0.115384615	0.077182077	0.054740481	STAND-BY	55.93220339	5.714285714	0.135125362	0.045041787	0.015763299	BUY가능	382.15	11.52240381	405.1948076	359.1051924	1.128345722	STAND-BY	2	1	1	2	5.376119112	379.7522382	358.2477618	379.7522382	367.438459	379.7522382	SELL
2022-03-29 21:39	370	370	367	369	2885444.69	1063797266	0.997297297	 ₩1,067,614,535 	369.2	370.7142857	371.9	380.5	383.7333333	370.66	350.03	346.2166667	337.34	331.2273973	373.1505557	372.2233489	344.4330842	335.241628	369.2666667	375.0142857	362.2780198	346.8140796	-1	0	1	0.214285714	1.5	12.5	BUY	370.66	390	367	0.086956522	0.087649066	0.071025164	STAND-BY	43.1372549	5.714285714	0.18132485	0.105483404	0.050175064	STAND-BY	380.5	10.87488657	402.2497731	358.7502269	1.121253014	STAND-BY	3	0	3	3	5.206396318	378.9127926	358.0872074	378.9127926	367.438459	378.9127926	SELL
2022-03-29 21:40	369	370	365	366	3211996.342	1177227951	0.991869919	 ₩1,185,226,650 	368.6	369.2857143	371.1	378.9	383.1	371.3	350.4	346.55	337.545	331.339726	371.9587964	371.926999	344.6466181	335.3946581	368.2	373.6333333	362.5942574	347.0992537	-3	0	3	0.214285714	1.5	12.5	BUY	371.3	385	365	0.05	0.084113712	0.082981618	STAND-BY	42.30769231	5.714285714	0.185435435	0.167295216	0.105940136	STAND-BY	378.9	10.51264902	399.925298	357.874702	1.11750089	STAND-BY	5	1	4	5	5.191653724	377.8833074	357.1166926	377.8833074	367.438459	377.8833074	SELL
2022-03-29 21:41	366	369	365	366	3060493.638	1122979227	1	 ₩1,120,140,672 	368	368.2857143	370.2	377.35	382.6333333	371.92	350.78	346.8833333	337.745	331.4493151	370.9656637	371.6447609	344.8580377	335.5469269	367.3333333	372.4047619	362.9031683	347.3823881	0	0	0	0.214285714	1.357142857	13.63636364	BUY	371.92	382	365	0.058823529	0.065260017	0.079007598	SELL	41.66666667	5.714285714	0.220349187	0.195703158	0.156160592	STAND-BY	377.35	9.97510058	397.3002012	357.3997988	1.111640808	STAND-BY	4	3	1	4	5.106535601	377.2130712	356.7869288	377.2130712	356.7869288	377.2130712	SELL
2022-03-29 21:42	366	367	366	366	2712219.394	993205678.8	1	 ₩992,672,298 	367.4	367.8571429	369.3	375.7	381.8	372.52	351.16	347.2166667	337.95	331.5616438	370.1380531	371.3759628	345.067364	335.698438	366.6666667	371.3238095	363.2045545	347.6635323	0	0	0	0.214285714	1.142857143	15.78947368	BUY	372.52	380	365	0.066666667	0.058496732	0.069290154	SELL	41.66666667	5.714285714	0.280237016	0.22867388	0.197224084	STAND-BY	375.7	8.873971401	393.4479428	357.9520572	1.099163798	STAND-BY	1	1	0	1	4.81321163	376.1264233	356.8735767	376.1264233	356.8735767	376.1264233	SELL
2022-03-29 21:43	366	369	366	366	3225802.64	1184490682	1	 ₩1,180,643,766 	366.6	367.4285714	368.3	374	381	373.08	351.54	347.55	338.155	331.6712329	369.4483776	371.1199646	345.2746179	335.8491954	366.2	370.4	363.4984158	347.9426368	0	0	0	0.214285714	1	17.64705882	BUY	373.08	378	365	0.076923077	0.067471091	0.063742613	STAND-BY	35.41666667	5.714285714	0.401744666	0.300776956	0.241717998	STAND-BY	374	7.04123195	388.0824639	359.9175361	1.078253836	STAND-BY	3	3	0	3	4.683696513	376.867393	358.132607	376.1264233	358.132607	376.1264233	SELL
2022-03-29 21:44	366	368	365	368	2488070.611	912074415.9	1.005464481	 ₩910,633,844 	366.4	367.2857143	367.8	373	380.2	373.62	351.94	347.9	338.37	331.7863014	369.2069813	370.9713948	345.4996217	336.0091531	366.6666667	369.8285714	363.8243564	348.239602	2	2	0	0.357142857	0.785714286	31.25	STAND-BY	373.62	377	365	0.25	0.131196581	0.085721468	STAND-BY	35.41666667	5.714285714	0.859719439	0.513900374	0.347783737	STAND-BY	373	6.332871636	385.6657433	360.3342567	1.070299968	STAND-BY	3	2	1	3	4.563432476	375.626865	357.373135	375.626865	358.132607	375.626865	SELL
2022-03-29 21:45	367	369	366	367	2187964.261	803440532.4	1	 ₩802,982,884 	366.6	366.8571429	367.6	372	379.6	374.12	352.33	348.2416667	338.58	331.9013699	368.8391511	370.7822808	345.7124967	336.1633397	366.8666667	369.2571429	364.1225743	348.5244776	-1	0	1	0.285714286	0.857142857	25	STAND-BY	374.12	377	365	0.166666667	0.164529915	0.121065862	STAND-BY	31.25	5.714285714	0.755244755	0.672236287	0.495637872	STAND-BY	372	5.534580286	383.0691606	360.9308394	1.06133674	STAND-BY	3	1	2	3	4.451758728	376.4035175	358.5964825	375.626865	358.5964825	375.626865	SELL
2022-03-29 21:46	366	367	364	365	2523801.101	922464257	0.99726776	 ₩923,711,203 	366.4	366.2857143	367.2	371.05	378.8333333	374.58	352.7	348.5583333	338.78	332.0109589	368.1992926	370.5069341	345.9034621	336.3068088	366.3333333	368.5904762	364.3734653	348.7873632	-2	0	2	0.285714286	1	22.22222222	STAND-BY	374.58	377	364	0.076923077	0.164529915	0.153418803	STAND-BY	31.25	5.714285714	0.646464646	0.753809614	0.646648758	STAND-BY	371.05	4.968055852	380.9861117	361.1138883	1.055030349	STAND-BY	3	0	3	3	4.348061676	374.1961234	356.8038766	374.1961234	358.5964825	374.1961234	SELL
2022-03-29 21:47	366	367	365	367	839235.9038	307101733.6	1.00273224	 ₩307,160,341 	366.6	366.4285714	367	370.3	378.1	375.12	353.1	348.9	338.985	332.1232877	367.9994105	370.3399372	346.1123387	336.4595145	366.5333333	368.2047619	364.6566337	349.0681592	2	2	0	0.357142857	1	26.31578947	STAND-BY	375.12	376	364	0.25	0.164529915	0.164529915	STAND-BY	31.25	5.714285714	0.806772175	0.736160526	0.720735475	STAND-BY	370.3	4.317650433	378.9353009	361.6646991	1.047753076	STAND-BY	2	2	0	2	4.180342985	374.360686	357.639314	374.1961234	358.5964825	374.1961234	SELL
2022-03-29 21:48	366	367	364	365	2903635.614	1061932818	0.99726776	 ₩1,062,730,635 	366.4	366.2857143	366.5	369.6	376.9333333	375.66	353.47	349.2166667	339.18	332.230137	367.4995087	370.0856545	346.2993452	336.60151	366	367.7	364.8922772	349.3270149	-2	0	2	0.357142857	0.928571429	27.77777778	STAND-BY	375.66	374	364	0.1	0.142307692	0.157122507	SELL	31.25	5.714285714	0.864024864	0.772420562	0.754130234	STAND-BY	369.6	3.952347737	377.5046955	361.6953045	1.043709141	STAND-BY	3	0	3	3	4.096032772	373.6920655	357.3079345	373.6920655	358.5964825	373.6920655	SELL
2022-03-29 21:49	365	367	364	367	1856429.179	679232233	1.005479452	 ₩677,596,650 	366.2	366.4285714	366.3	369.1	375.7666667	376.24	353.86	349.5416667	339.385	332.3424658	367.4162573	369.9387186	346.5043022	336.7527494	366.2	367.452381	365.160198	349.6038308	2	2	0	0.5	0.642857143	43.75	STAND-BY	376.24	370	364	0.5	0.283333333	0.196723647	STAND-BY	43.75	5.714285714	1	0.89026568	0.799615589	STAND-BY	369.1	3.582119337	376.2642387	361.9357613	1.039588454	STAND-BY	3	2	1	3	4.017744717	373.5354894	357.4645106	373.5354894	358.5964825	373.5354894	SELL
2022-03-29 21:50	366	367	365	366	1456074.789	533010333.2	1	 ₩532,923,373 	366	366.4285714	366.3	368.7	374.7	376.6	354.24	349.8583333	339.585	332.4547945	367.1802144	369.7511605	346.6973289	336.8982612	366.1333333	367.1571429	365.4005941	349.8686567	-1	0	1	0.5	0.714285714	41.17647059	STAND-BY	376.6	370	364	0.333333333	0.311111111	0.245584046	STAND-BY	43.75	5.714285714	0.932339133	0.932121332	0.864935858	STAND-BY	368.7	3.450400434	375.6008009	361.7991991	1.038147132	STAND-BY	2	0	2	2	3.873620094	373.7472402	358.2527598	373.5354894	358.5964825	373.5354894	SELL
2022-03-29 21:51	366	367	365	365	1641925.892	599539580.2	0.99726776	 ₩600,944,877 	366	366	366.2	368.2	373.6333333	376.78	354.61	350.1666667	339.785	332.5643836	366.8168453	369.5249148	346.8785435	337.0380738	365.8	366.8047619	365.6136634	350.1215423	-1	0	1	0.5	0.785714286	38.88888889	STAND-BY	376.78	370	364	0.166666667	0.333333333	0.309259259	STAND-BY	43.75	12.5	0.844444444	0.925594526	0.915993846	STAND-BY	368.2	3.205258837	374.6105177	361.7894823	1.035437833	STAND-BY	2	1	1	2	3.739790087	373.4795802	358.5204198	373.4795802	358.5964825	373.4795802	SELL
2022-03-29 21:52	365	366	364	365	2680159.798	977604551.5	1	 ₩978,258,326 	365.6	365.7142857	366.1	367.7	372.5	376.92	354.98	350.4833333	339.99	332.6739726	366.5140378	369.3094427	347.0579638	337.1771908	365.4666667	366.5	365.8194059	350.3724378	0	0	0	0.428571429	0.785714286	35.29411765	STAND-BY	376.92	370	364	0.166666667	0.222222222	0.288888889	SELL	43.75	12.5	0.729411765	0.835398447	0.897704768	SELL	367.7	2.848822471	373.3976449	362.0023551	1.031478497	STAND-BY	2	1	1	2	3.615519367	372.2310387	357.7689613	372.2310387	358.5964825	372.2310387	SELL
2022-03-29 21:53	365	366	364	365	1705810.663	622470365.4	1	 ₩622,620,892 	365.6	365.7142857	366	367.15	371.3333333	377	355.35	350.7916667	340.195	332.7835616	366.2616981	369.1042311	347.2356078	337.3156156	365.2666667	366.2428571	366.0178218	350.6212935	0	0	0	0.428571429	0.714285714	37.5	STAND-BY	377	370	364	0.166666667	0.166666667	0.240740741	SELL	43.75	12.5	0.8	0.791285403	0.850759459	SELL	367.15	2.134306247	371.4186125	362.8813875	1.023526213	STAND-BY	2	1	1	2	3.500125126	372.0002503	357.9997497	372.0002503	358.5964825	372.0002503	SELL
2022-03-29 21:54	365	366	364	364	2169512.674	790837134.4	0.997260274	 ₩791,872,126 	365	365.2857143	365.6	366.7	370.5333333	377.04	355.72	351.1	340.39	332.890411	365.8847485	368.8611725	347.4015918	337.4483764	364.7333333	365.9428571	366.1891089	350.8581592	-1	0	1	0.428571429	0.571428571	42.85714286	STAND-BY	377.04	369	364	0	0.111111111	0.166666667	SELL	43.75	13.63636364	0.970350404	0.833254056	0.819979302	STAND-BY	366.7	1.75018796	370.2003759	363.1996241	1.019275218	STAND-BY	2	1	1	2	3.392973332	371.7859467	358.2140533	371.7859467	358.5964825	371.7859467	SELL
2022-03-29 21:55	364	365	364	365	1815257.266	661398687.9	1.002747253	 ₩660,753,645 	364.8	365.2857143	365.4	366.5	369.8	377.04	356.1	351.4083333	340.59	332.9972603	365.7372904	368.6773071	347.5758335	337.585452	364.7333333	365.7809524	366.3728713	351.1030348	1	1	0	0.5	0.571428571	46.66666667	STAND-BY	377.04	369	364	0.2	0.122222222	0.133333333	SELL	46.66666667	15.78947368	1	0.923450135	0.849329865	STAND-BY	366.5	1.701392618	369.9027852	363.0972148	1.018743108	STAND-BY	1	1	0	1	3.222046665	370.9440933	358.0559067	370.9440933	358.5964825	370.9440933	SELL
2022-03-29 21:56	365	365	364	364	809679.7085	294948529	0.997260274	 ₩295,533,094 	364.6	364.8571429	365.3	366.25	369.1333333	376.94	356.47	351.7083333	340.785	333.1013699	365.447742	368.4545782	347.738449	337.7168704	364.4666667	365.5428571	366.5293069	351.3359701	-1	0	1	0.5	0.642857143	43.75	STAND-BY	376.94	369	364	0	0.066666667	0.1	SELL	46.66666667	17.64705882	0.899493243	0.956614549	0.90443958	STAND-BY	366.25	1.681947493	369.613895	362.886105	1.018539674	STAND-BY	1	0	1	1	3.063329046	370.6266581	358.3733419	370.6266581	358.5964825	370.6266581	SELL
2022-03-29 21:57	364	366	364	364	1864703.498	679960677.7	1	 ₩678,752,073 	364.4	364.5714286	365	366	368.5333333	376.78	356.84	352.0083333	340.98	333.2082192	365.2064517	368.2424555	347.8994545	337.8476349	364.2666667	365.3285714	366.6784158	351.5669652	0	0	0	0.5	0.642857143	43.75	STAND-BY	376.78	369	364	0	0.066666667	0.085185185	SELL	46.66666667	22.22222222	0.880681818	0.92672502	0.935596568	SELL	366	1.622214211	369.2444284	362.7555716	1.017887683	STAND-BY	2	2	0	2	2.987376971	370.9747539	359.0252461	370.6266581	359.0252461	370.6266581	SELL
2022-03-29 21:58	364	365	362	364	2532381.882	920113454	1	 ₩921,787,005 	364.2	364.4285714	364.9	365.7	368.0333333	376.68	357.21	352.3083333	341.175	333.3123288	365.0053764	368.0404338	348.0588658	337.9777488	364.1333333	365.1380952	366.820198	351.7960199	0	0	0	0.357142857	0.642857143	35.71428571	STAND-BY	376.68	369	362	0.285714286	0.095238095	0.076190476	STAND-BY	46.66666667	22.22222222	0.551948052	0.777374371	0.886904647	SELL	365.7	1.380312703	368.4606254	362.9393746	1.015212598	STAND-BY	3	1	2	3	2.988278616	369.4765572	357.5234428	369.4765572	359.0252461	369.4765572	SELL
2022-03-29 21:59	364	364	363	363	1517423.59	550898573.7	0.997252747	 ₩552,342,187 	364	364.1428571	364.5	365.4	367.5666667	376.4	357.57	352.5916667	341.365	333.4136986	364.671147	367.8004131	348.2067978	338.1022401	363.7333333	364.8809524	366.9348515	352.0131841	-1	0	1	0.357142857	0.642857143	35.71428571	STAND-BY	376.4	367	362	0.2	0.161904762	0.107936508	STAND-BY	46.66666667	22.22222222	0.551948052	0.661525974	0.788541789	STAND-BY	365.4	1.273205652	367.9464113	362.8535887	1.014035475	STAND-BY	1	0	1	1	2.846258715	369.1925174	357.8074826	369.1925174	359.0252461	369.1925174	SELL
2022-03-29 22:00	363	364	363	363	1309619.933	475419045	1	 ₩475,392,036 	363.6	363.8571429	364.2	365.25	367.2	375.96	357.92	352.875	341.55	333.5178082	364.3926225	367.571822	348.3532652	338.226112	363.4	364.652381	367.0423762	352.2284577	0	0	0	0.357142857	0.5	41.66666667	STAND-BY	375.96	367	362	0.2	0.228571429	0.161904762	STAND-BY	46.66666667	26.31578947	0.754310345	0.61940215	0.686100832	STAND-BY	365.25	1.371706582	367.9934132	362.5065868	1.015135798	STAND-BY	1	1	0	1	2.714383093	368.9287662	358.0712338	368.9287662	359.0252461	368.9287662	SELL
2022-03-29 22:01	363	364	363	363	1066937.122	387531534.7	1	 ₩387,298,175 	363.4	363.7142857	364	365.1	366.8	375.62	358.26	353.1666667	341.735	333.6219178	364.1605187	367.3541162	348.4982824	338.3493676	363.2	364.4380952	367.1429703	352.4418905	0	0	0	0.214285714	0.5	30	STAND-BY	375.62	367	362	0.2	0.2	0.196825397	STAND-BY	46.66666667	27.77777778	0.117647059	0.474635152	0.585187758	STAND-BY	365.1	1.447320573	367.9946411	362.2053589	1.015983425	STAND-BY	1	1	0	1	2.591927157	368.6838543	358.3161457	368.6838543	359.0252461	368.6838543	SELL
2022-03-29 22:02	363	365	363	365	2162863.639	787231282.7	1.005509642	 ₩785,119,501 	363.6	363.7142857	364	365.05	366.4666667	375.1	358.62	353.475	341.935	333.7315068	364.3004323	367.2420154	348.6616657	338.4819605	363.7333333	364.4285714	367.2764356	352.6733831	2	2	0	0.357142857	0.357142857	50	STAND-BY	375.1	367	362	0.6	0.333333333	0.253968254	STAND-BY	50	30	1	0.623985801	0.572674368	STAND-BY	365.05	1.431782106	367.9135642	362.1864358	1.015812653	STAND-BY	2	2	0	2	2.549646646	369.0992933	358.9007067	368.6838543	359.0252461	368.6838543	SELL
2022-03-29 22:03	365	368	364	368	5465302.122	2005660618	1.008219178	 ₩1,994,835,275 	364.4	364.2857143	364.3	365.15	366.2	374.66	359	353.8083333	342.15	333.8493151	364.9170269	367.2781099	348.8531344	338.6288193	365.2	364.7095238	367.4621782	352.9327363	3	3	0	0.428571429	0.357142857	54.54545455	STAND-BY	374.66	368	362	1	0.6	0.377777778	STAND-BY	54.54545455	30	1	0.705882353	0.601501102	STAND-BY	365.15	1.565247584	368.2804952	362.0195048	1.017294622	STAND-BY	4	3	1	4	2.653243314	371.3064866	360.6935134	368.6838543	360.6935134	368.6838543	SELL
2022-03-29 22:04	368	372	366	371	8561502.796	3157589442	1.008152174	 ₩3,150,633,029 	366	365.2857143	365	365.3	366.1333333	374.24	359.41	354.1666667	342.385	333.9753425	365.9308558	367.4553428	349.0724103	338.7898731	367.4	365.2666667	367.699802	353.219801	3	3	0	0.642857143	0.285714286	69.23076923	STAND-BY	374.24	372	362	0.9	0.833333333	0.588888889	STAND-BY	69.23076923	30	1	1	0.776622718	STAND-BY	365.3	1.949358869	369.1987177	361.4012823	1.021575561	STAND-BY	6	4	2	6	2.892297363	374.7845947	363.2154053	368.6838543	363.2154053	363.2154053	BUY
2022-03-29 22:05	371	373	368	370	4537081.842	1681416422	0.997304582	 ₩1,683,257,363 	367.4	366.1428571	365.5	365.45	366.1666667	373.94	359.8	354.5166667	342.61	334.0958904	366.6090465	367.5765169	349.2796141	338.9451504	368.7333333	365.7142857	367.909505	353.4945771	-1	0	1	0.642857143	0.285714286	69.23076923	STAND-BY	373.94	373	362	0.727272727	0.875757576	0.76969697	STAND-BY	69.23076923	30	1	1	0.901960784	STAND-BY	365.45	2.187885304	369.8257706	361.0742294	1.024237513	STAND-BY	5	2	3	5	3.042847552	376.5856951	364.4143049	376.5856951	364.4143049	364.4143049	BUY
2022-03-29 22:06	370	371	366	367	2163381.013	796485439.3	0.991891892	 ₩800,450,975 	368.2	366.7142857	365.8	365.55	366.1	373.52	360.16	354.8416667	342.825	334.2082192	366.6742054	367.5490638	349.4550635	339.0847295	368.6	365.8619048	368.0520792	353.7372637	-3	0	3	0.642857143	0.5	56.25	STAND-BY	373.52	373	362	0.454545455	0.693939394	0.801010101	SELL	69.23076923	30	0.669117647	0.889705882	0.963235294	SELL	365.55	2.211810404	369.9736208	361.1263792	1.024499018	STAND-BY	5	1	4	5	3.182644155	374.8652883	362.1347117	374.8652883	364.4143049	364.4143049	BUY
2022-03-29 22:07	367	368	362	364	3963853.925	1444872480	0.991825613	 ₩1,454,734,390 	368	366.8571429	365.8	365.4	365.9333333	373.02	360.49	355.15	343.02	334.3123288	366.2285045	367.3800607	349.5990728	339.2086885	367.2	365.7142857	368.1281188	353.9479602	-3	0	3	0.642857143	0.714285714	47.36842105	STAND-BY	373.02	373	362	0.181818182	0.454545455	0.674747475	SELL	69.23076923	30	0.442724458	0.703947368	0.864551084	STAND-BY	365.4	2.210025006	369.82005	360.97995	1.024489172	STAND-BY	6	1	5	6	3.383883858	371.7677677	358.2322323	371.7677677	364.4143049	371.7677677	SELL
2022-03-29 22:08	364	366	363	364	1548710.043	563907789.4	1	 ₩563,730,456 	367.2	367	365.8	365.35	365.7333333	372.3	360.82	355.45	343.22	334.4164384	365.8570871	367.2191054	349.7416562	339.3320307	365.8666667	365.5809524	368.1976238	354.1567164	0	0	0	0.642857143	0.642857143	50	STAND-BY	372.3	373	362	0.181818182	0.272727273	0.473737374	SELL	69.23076923	30	0.509803922	0.540548676	0.711400642	STAND-BY	365.35	2.230765741	369.8115315	360.8884685	1.024725265	STAND-BY	3	2	1	3	3.356463583	371.2129272	357.7870728	371.2129272	357.7870728	371.2129272	SELL
2022-03-29 22:09	364	366	363	366	1112334.579	405591785.7	1.005494505	 ₩404,889,787 	366.2	367.1428571	366.1	365.3	365.6333333	371.58	361.17	355.7666667	343.43	334.5260274	365.8809059	367.1610528	349.9026299	339.4647097	365.4666667	365.6428571	368.300198	354.3833831	2	2	0	0.714285714	0.642857143	52.63157895	STAND-BY	371.58	373	362	0.363636364	0.242424242	0.323232323	SELL	69.23076923	30	0.576883385	0.509803922	0.584766655	STAND-BY	365.3	2.202868943	369.7057379	360.8942621	1.024415672	STAND-BY	3	2	1	3	3.331001898	371.1620038	357.8379962	371.1620038	357.8379962	371.1620038	SELL
2022-03-29 22:10	365	368	365	368	2109000.126	772590317.4	1.008219178	 ₩769,785,046 	365.8	367.1428571	366.6	365.4	365.7	370.98	361.54	356.1	343.655	334.6438356	366.2340882	367.2010027	350.0818118	339.606679	366.0666667	365.9	368.4354455	354.6278607	2	2	0	0.857142857	0.571428571	60	STAND-BY	370.98	373	362	0.545454545	0.363636364	0.292929293	STAND-BY	69.23076923	30	0.764705882	0.617131063	0.555827887	STAND-BY	365.4	2.28035085	369.9607017	360.8392983	1.025278298	STAND-BY	3	2	1	3	3.307358905	373.1147178	359.8852822	371.1620038	359.8852822	371.1620038	SELL
2022-03-29 22:11	368	372	367	370	3429220.542	1267948868	1.005434783	 ₩1,261,953,159 	366.4	367	367.3	365.65	365.8333333	370.44	361.94	356.45	343.885	334.769863	366.8617402	367.3342883	350.2790216	339.7578924	367.4666667	366.3380952	368.6029703	354.89	2	2	0	1	0.571428571	63.63636364	STAND-BY	370.44	373	362	0.727272727	0.545454545	0.383838384	STAND-BY	69.23076923	30	0.857397504	0.732995591	0.619976858	STAND-BY	365.65	2.49789385	370.6457877	360.6542123	1.027704031	STAND-BY	5	4	1	5	3.428261841	376.3565237	362.6434763	371.1620038	362.6434763	371.1620038	SELL
2022-03-29 22:12	370	377	369	377	7388735.311	2757448564	1.018918919	 ₩2,733,832,065 	369	368	368.5	366.25	366.2	370	362.4	356.8583333	344.15	334.9123288	368.5514502	367.7945602	350.5435857	339.9431801	371	367.4190476	368.9011881	355.2195025	7	7	0	1.5	0.571428571	72.4137931	STAND-BY	370	377	362	1	0.757575758	0.555555556	BUY	72.4137931	30	1	0.874034462	0.741387039	BUY가능	366.25	3.552241694	373.3544834	359.1455166	1.039563258	STAND-BY	8	7	1	8	3.754814566	380.5096291	365.4903709	371.1620038	365.4903709	365.4903709	BUY
2022-03-29 22:13	377	379	373	377	10464114.38	3936276671	1	 ₩3,944,971,122 	371.6	369.4285714	369.4	366.85	366.5666667	369.54	362.86	357.2666667	344.42	335.0575342	369.9595418	368.2329145	350.8055304	340.1275458	373.6666667	368.4428571	369.190297	355.5463682	0	0	0	1.5	0.5	75	STAND-BY	369.54	379	362	0.882352941	0.869875223	0.724301842	BUY	75	30	1	0.952465835	0.853165296	BUY가능	366.85	4.270769683	375.3915394	358.3084606	1.047677017	STAND-BY	6	2	4	6	3.915184955	383.8303699	368.1696301	383.8303699	368.1696301	368.1696301	BUY
2022-03-29 22:14	376	381	374	379	7938267.795	2995580136	1.007978723	 ₩2,984,788,691 	374.2	371.5714286	370.2	367.6	366.9333333	369.36	363.34	357.7	344.695	335.2054795	371.4662848	368.7456329	351.0846836	340.3209447	376.1333333	369.6	369.509901	355.8904478	2	2	0	1.642857143	0.5	76.66666667	STAND-BY	369.36	381	362	0.894736842	0.925696594	0.851049192	BUY	76.66666667	30	1	1	0.942166766	BUY가능	367.6	4.998947258	377.5978945	357.6021055	1.055916307	STAND-BY	7	4	3	7	4.135528886	385.7710578	369.2289422	383.8303699	369.2289422	369.2289422	BUY
2022-03-29 22:15	380	384	375	381	9829616.867	3733790855	1.002631579	 ₩3,735,254,409 	376.8	374	371.3	368.4	367.4	369.24	363.84	358.15	344.985	335.3616438	373.0552374	369.3291742	351.3808748	340.5233318	378.4	370.8761905	369.859604	356.2516915	2	2	0	1.785714286	0.5	78.125	STAND-BY	369.24	384	362	0.863636364	0.880242049	0.891937955	STAND-BY	78.125	47.36842105	1	1	0.984155278	BUY가능	368.4	5.780183934	379.9603679	356.8396321	1.064793071	STAND-BY	9	5	4	9	4.482991109	388.4659822	370.5340178	383.8303699	370.5340178	370.5340178	BUY
2022-03-29 22:16	381	400	380	400	14311694.19	5573664529	1.049868766	 ₩5,452,755,487 	382.8	378.8571429	374.6	370.2	368.5666667	369.56	364.54	358.7583333	345.37	335.5726027	377.5460311	370.7896897	351.8622523	340.8192411	386.1333333	373.8857143	370.5756436	356.7991045	19	19	0	3	0.5	85.71428571	SELL	369.56	400	362	1	0.919457735	0.90846546	BUY	85.71428571	47.36842105	1	1	1	BUY가능	370.2	9.029775308	388.2595506	352.1404494	1.102570157	BUY	20	19	1	20	5.591348887	401.1826978	378.8173022	383.8303699	378.8173022	378.8173022	BUY
2022-03-29 22:17	399	403	385	390	29409384.22	11654054270	0.977443609	 ₩11,734,344,302 	385.4	382	377.2	371.5	369.3333333	369.72	365.14	359.2833333	345.705	335.7589041	379.6216926	371.7044664	352.2398538	341.063926	388.5333333	375.7714286	371.079802	357.2431841	-10	0	10	2.785714286	1.214285714	69.64285714	STAND-BY	369.72	403	362	0.682926829	0.848854398	0.882851394	STAND-BY	85.71428571	47.36842105	0.580882353	0.860294118	0.953431373	SELL	371.5	9.918085554	391.3361711	351.6638289	1.112813258	STAND-BY	18	3	15	18	6.477681109	406.9553622	381.0446378	406.9553622	381.0446378	381.0446378	BUY
2022-03-29 22:18	389	391	373	375	22827608.12	8663100337	0.964010283	 ₩8,879,939,559 	385	382.7142857	378.3	372.05	369.6666667	369.64	365.59	359.6833333	345.965	335.9013699	378.8514105	371.8613965	352.4652017	341.2327653	385.0666667	376.1047619	371.2750495	357.5346766	-15	0	15	2.571428571	2.285714286	52.94117647	STAND-BY	369.64	403	362	0.317073171	0.666666667	0.8116596	STAND-BY	85.71428571	47.36842105	0.14532872	0.575403691	0.81189927	STAND-BY	372.05	9.784386058	391.6187721	352.4812279	1.111034407	STAND-BY	18	1	17	18	7.300703887	396.6014078	367.3985922	396.6014078	381.0446378	396.6014078	SELL
2022-03-29 22:19	374	375	368	370	13557231.76	5040290944	0.989304813	 ₩5,070,404,679 	383.2	381.7142857	378.7	372.4	369.7666667	369.5	365.99	360.0416667	346.2	336.030137	377.3761754	371.7727586	352.6388136	341.3758885	380.0666667	375.9095238	371.3623762	357.7738308	-5	0	5	2.571428571	2.571428571	50	STAND-BY	369.5	403	362	0.195121951	0.398373984	0.637965016	STAND-BY	85.71428571	47.36842105	0.068627451	0.264946175	0.566881328	STAND-BY	372.4	9.566388528	391.5327771	353.2672229	1.108319005	STAND-BY	7	0	7	7	7.279225038	386.0584501	356.9415499	386.0584501	356.9415499	386.0584501	SELL
2022-03-29 22:20	370	372	365	369	10976872.19	4035064612	0.997297297	 ₩4,061,442,709 	380.8	380.5714286	378.8	372.7	369.8666667	369.4	366.38	360.3833333	346.43	336.1561644	375.9801462	371.6407225	352.8008056	341.5133244	375.3333333	375.5857143	371.4219802	358.0006965	-1	0	1	2.571428571	2.428571429	51.42857143	STAND-BY	369.4	403	362	0.170731707	0.227642276	0.430894309	SELL	85.71428571	47.36842105	0.105882353	0.106612841	0.315654236	STAND-BY	372.7	9.347670692	391.3953414	354.0046586	1.105622008	STAND-BY	7	2	5	7	7.259280392	383.0185608	353.9814392	383.0185608	356.9415499	383.0185608	SELL
2022-03-29 22:21	369	369	365	367	6372298.225	2337496504	0.994579946	 ₩2,351,378,045 	374.2	378.8571429	378.5	372.9	369.9333333	369.24	366.74	360.7	346.65	336.2767123	374.4834552	371.4197357	352.9413916	341.640126	370.7333333	375.0428571	371.4342574	358.2053731	-2	0	2	2.571428571	2.357142857	52.17391304	STAND-BY	369.24	403	363	0.1	0.155284553	0.260433604	SELL	85.71428571	50	0.060869565	0.07845979	0.150006268	STAND-BY	372.9	9.170318252	391.2406365	354.5593635	1.103455942	STAND-BY	4	0	4	4	7.02647465	381.0529493	352.9470507	381.0529493	356.9415499	381.0529493	SELL
2022-03-29 22:22	366	368	364	364	5714690.811	2090645903	0.994535519	 ₩2,091,576,837 	369	376.4285714	377.2	372.85	369.9	369.02	367.08	360.9916667	346.855	336.3863014	372.7362126	371.066415	353.0508828	341.7513712	367.3333333	374.1952381	371.38	358.37801	-3	0	3	2.571428571	2.571428571	50	STAND-BY	369.02	403	363	0.025	0.098577236	0.160501355	SELL	85.71428571	50	0	0.055583973	0.080218868	STAND-BY	372.85	9.218259911	391.2865198	354.4134802	1.104039608	STAND-BY	4	1	3	4	6.810297889	379.6205958	352.3794042	379.6205958	356.9415499	379.6205958	SELL
2022-03-29 22:23	364	366	363	366	3983700.569	1451234489	1.005494505	 ₩1,450,067,007 	367.2	371.5714286	376.1	372.75	369.9333333	368.82	367.44	361.2916667	347.07	336.5013699	371.6135105	370.8251571	353.1790919	341.8720133	366.3333333	373.5428571	371.3586139	358.5685075	2	2	0	2.571428571	2.571428571	50	STAND-BY	368.82	403	363	0.075	0.066666667	0.106842818	SELL	85.71428571	50	0	0.020289855	0.051444539	STAND-BY	372.75	9.284253789	391.3185076	354.1814924	1.104853065	STAND-BY	3	2	1	3	6.538133754	377.5762675	351.4237325	377.5762675	356.9415499	377.5762675	SELL
2022-03-29 22:24	366	367	359	361	9501887.62	3437352930	0.986338798	 ₩3,477,690,869 	365.4	367.4285714	374.3	372.25	369.8333333	368.58	367.74	361.55	347.26	336.6054795	369.8445921	370.3572925	353.2565266	341.9671791	364.2666667	372.4238095	371.2310891	358.7071144	-5	0	5	2.428571429	2.928571429	45.33333333	STAND-BY	368.58	403	359	0.045454545	0.048484848	0.071242917	SELL	85.71428571	45.33333333	0	0	0.025291276	STAND-BY	372.25	9.645697159	391.5413943	352.9586057	1.109312503	STAND-BY	8	1	7	8	6.642552772	376.2851055	349.7148945	376.2851055	356.9415499	376.2851055	SELL
2022-03-29 22:25	361	362	357	360	7691905.838	2762274293	0.997229917	 ₩2,776,778,008 	363.6	365.2857143	372.2	371.75	369.6666667	368.4	368.02	361.7916667	347.45	336.7041096	368.2038268	369.8640881	353.3232937	342.0568962	362.4666667	371.2571429	371.0778218	358.8338806	-1	0	1	2.285714286	3	43.24324324	STAND-BY	368.4	403	357	0.065217391	0.061890646	0.059014054	STAND-BY	85.71428571	43.24324324	0	0	0.006763285	STAND-BY	371.75	10.02037398	391.790748	351.709252	1.113962017	STAND-BY	5	1	4	5	6.525227574	372.5504551	346.4495449	372.5504551	356.9415499	372.5504551	SELL
2022-03-29 22:26	360	361	355	356	6181469.247	2209841567	0.988888889	 ₩2,225,328,929 	361.4	363.2857143	367.8	371.2	369.4	368.14	368.26	362	347.615	336.7917808	366.1698556	369.2038934	353.3497957	342.1262661	359.9333333	369.7571429	370.839802	358.9189552	-4	0	4	1.785714286	3.285714286	35.21126761	STAND-BY	368.14	403	355	0.020833333	0.04383509	0.051403528	SELL	85.71428571	35.21126761	0	0	0	STAND-BY	371.2	10.58101577	392.3620315	350.0379685	1.120912778	STAND-BY	6	1	5	6	6.487711319	370.9754226	345.0245774	370.9754226	356.9415499	370.9754226	SELL
2022-03-29 22:27	357	359	355	357	3216364.73	1147744626	1	 ₩1,148,242,209 	360	361.5714286	364.5	370.85	369.1666667	367.9	368.52	362.2166667	347.785	336.8821918	364.6415464	368.6227556	353.3859364	342.2002661	358.4666667	368.4047619	370.6168317	359.0123383	1	1	0	1.857142857	3.285714286	36.11111111	STAND-BY	367.9	403	355	0.041666667	0.042572464	0.049432733	SELL	85.71428571	35.21126761	0.017817618	0.005939206	0.001979735	STAND-BY	370.85	10.94135083	392.7327017	348.9672983	1.125414053	STAND-BY	4	3	1	4	6.310017653	369.6200353	344.3799647	369.6200353	344.3799647	369.6200353	SELL
2022-03-29 22:28	358	358	356	357	2373486.918	847217356.4	0.997206704	 ₩849,708,317 	358.2	360.1428571	362.7	370.5	368.9333333	367.64	368.78	362.4333333	347.955	336.9726027	363.3679553	368.0692911	353.4217192	342.2738979	357.4666667	367.0857143	370.3887129	359.1040299	0	0	0	1.714285714	3.285714286	34.28571429	STAND-BY	367.64	403	355	0.041666667	0.034722222	0.040376592	SELL	85.71428571	34.28571429	0	0.005939206	0.003959471	STAND-BY	370.5	11.2787644	393.0575288	347.9424712	1.129662405	STAND-BY	2	1	1	2	6.002159249	369.0043185	344.9956815	369.0043185	344.9956815	369.0043185	SELL
2022-03-29 22:29	356	359	355	358	2372709.928	847966780.1	1.005617978	 ₩844,684,734 	357.6	359.2857143	361.5	370.1	368.7666667	367.42	369.04	362.6583333	348.135	337.0657534	362.4732961	367.589801	353.4670487	342.3521386	357.4	365.8952381	370.1752475	359.2039801	1	1	0	1.642857143	3.285714286	33.33333333	STAND-BY	367.42	403	355	0.0625	0.048611111	0.041968599	STAND-BY	85.71428571	33.33333333	0	0.005939206	0.005939206	STAND-BY	370.1	11.58447237	393.2689447	346.9310553	1.133565124	STAND-BY	4	2	2	4	5.859147874	368.7182957	345.2817043	368.7182957	345.2817043	368.7182957	SELL
2022-03-29 22:30	359	360	355	356	2982652.37	1065311928	0.991643454	 ₩1,070,772,201 	356.8	357.8571429	360.2	369.5	368.5333333	367.22	369.26	362.8666667	348.3	337.1534247	361.3944134	367.0379057	353.4921274	342.4200395	356.8666667	364.552381	369.9170297	359.2822388	-2	0	2	0.285714286	3.428571429	7.692307692	BUY	367.22	403	355	0.020833333	0.041666667	0.041666667	STAND-BY	69.64285714	7.692307692	0	0	0.003959471	STAND-BY	369.5	12.00219278	393.5043856	345.4956144	1.138956239	STAND-BY	5	2	3	5	5.797780169	369.0955603	345.9044397	368.7182957	345.9044397	368.7182957	SELL
2022-03-29 22:31	356	357	355	355	609103.8321	216739263.3	0.997191011	 ₩216,840,964 	356.6	357	359	368.75	368.2666667	367	369.46	363.075	348.465	337.2383562	360.3286778	366.4646721	353.5070568	342.4826275	356.2666667	363.1714286	369.6346535	359.3489055	-1	0	1	0.285714286	2.785714286	9.302325581	BUY	367	391	355	0	0.027777778	0.039351852	SELL	52.94117647	7.692307692	0.035581395	0.011860465	0.005933224	STAND-BY	368.75	12.43033217	393.6106643	343.8893357	1.144585259	STAND-BY	2	1	1	2	5.526510157	367.0530203	344.9469797	367.0530203	345.9044397	367.0530203	SELL
